shift_state,anchor_type,anchor_symbol,left_label,right_label,left_text_island_symbol,right_text_island_symbol,same_text_island,left_inner_map_state,right_inner_map_state,left_semantic_maturity_score,right_semantic_maturity_score,score_delta,left_rawness,right_rawness,shared_families,shared_family_count,left_stability_pressure,right_stability_pressure,left_variation_bearing,right_variation_bearing,left_families,right_families,passive_only,writes_runtime_memory,read_by_mini_dio,influences_action,is_gate,is_motoric,is_entry_signal,is_direction_signal
syntax_survives_raw,family,dio_03ud,K_FOLGEKONTAKT2,VARIANTE_L_folgekontakt3,dio_text_1dvsjku,dio_text_jse13o,False,inner_unconfirmed_raw_space,inner_unconfirmed_raw_space,0.213333333,0.206666667,-0.006666666,0.786666667,0.793333333,dio_03ud,1,0.55,0.55,0.085333333,0.082666667,dio_03ud|dio_0udt,dio_03ud,True,False,False,False,False,False,False,False
syntax_survives_raw,family,dio_0dos,K_FOLGEKONTAKT2,VARIANTE_L_folgekontakt3,dio_text_1jr7z4y,dio_text_30lu29,False,inner_unconfirmed_raw_space,inner_unconfirmed_raw_space,0.206666667,0.213333333,0.006666666,0.793333333,0.786666667,dio_0dos,1,0.55,0.55,0.082666667,0.085333333,dio_0dos,dio_0dos|dio_0rt8,True,False,False,False,False,False,False,False
syntax_survives_raw,family,dio_0gx0,K_FOLGEKONTAKT2,VARIANTE_L_folgekontakt3,dio_text_pkavwx,dio_text_tzg61t,False,inner_unconfirmed_raw_space,inner_unconfirmed_raw_space,0.206666667,0.213333333,0.006666666,0.793333333,0.786666667,dio_0gx0,1,0.55,0.55,0.082666667,0.085333333,dio_0gx0,dio_0gx0|dio_1n79,True,False,False,False,False,False,False,False
syntax_survives_raw,family,dio_0icm,K_FOLGEKONTAKT2,VARIANTE_L_folgekontakt3,dio_text_wld9e3,dio_text_1353oo3,False,inner_unconfirmed_raw_space,inner_unconfirmed_raw_space,0.206666667,0.213333333,0.006666666,0.793333333,0.786666667,dio_0icm,1,0.55,0.55,0.082666667,0.085333333,dio_0icm,dio_0icm|dio_1204,True,False,False,False,False,False,False,False
syntax_survives_raw,family,dio_0lu5,K_FOLGEKONTAKT2,VARIANTE_L_folgekontakt3,dio_text_1ot9dp7,dio_text_de3k0u,False,inner_unconfirmed_raw_space,inner_unconfirmed_raw_space,0.213333333,0.206666667,-0.006666666,0.786666667,0.793333333,dio_0lu5,1,0.55,0.55,0.085333333,0.082666667,dio_0lu5|dio_15e5,dio_0lu5,True,False,False,False,False,False,False,False
syntax_survives_raw,family,dio_0p12,K_FOLGEKONTAKT2,VARIANTE_L_folgekontakt3,dio_text_zun37b,dio_text_1sn547f,False,inner_unconfirmed_raw_space,inner_unconfirmed_raw_space,0.213333333,0.213333333,0.0,0.786666667,0.786666667,dio_0p12,1,0.55,0.55,0.085333333,0.085333333,dio_0p12|dio_13di,dio_0p12|dio_12jj,True,False,False,False,False,False,False,False
syntax_survives_raw,family,dio_0rt8,K_FOLGEKONTAKT2,VARIANTE_L_folgekontakt3,dio_text_1k5j6bq,dio_text_30lu29,False,inner_unconfirmed_raw_space,inner_unconfirmed_raw_space,0.206666667,0.213333333,0.006666666,0.793333333,0.786666667,dio_0rt8,1,0.55,0.55,0.082666667,0.085333333,dio_0rt8,dio_0dos|dio_0rt8,True,False,False,False,False,False,False,False
syntax_survives_raw,family,dio_0udt,K_FOLGEKONTAKT2,VARIANTE_L_folgekontakt3,dio_text_1dvsjku,dio_text_vxp6vf,False,inner_unconfirmed_raw_space,inner_unconfirmed_raw_space,0.213333333,0.206666667,-0.006666666,0.786666667,0.793333333,dio_0udt,1,0.55,0.55,0.085333333,0.082666667,dio_03ud|dio_0udt,dio_0udt,True,False,False,False,False,False,False,False
syntax_survives_raw,family,dio_0xt9,K_FOLGEKONTAKT2,VARIANTE_L_folgekontakt3,dio_text_khunoy,dio_text_1eguv7,False,inner_unconfirmed_raw_space,inner_unconfirmed_raw_space,0.213333333,0.206666667,-0.006666666,0.786666667,0.793333333,dio_0xt9,1,0.55,0.55,0.085333333,0.082666667,dio_0xt9|dio_1reh,dio_0xt9,True,False,False,False,False,False,False,False
syntax_survives_raw,family,dio_1204,K_FOLGEKONTAKT2,VARIANTE_L_folgekontakt3,dio_text_p3rsab,dio_text_1353oo3,False,inner_unconfirmed_raw_space,inner_unconfirmed_raw_space,0.206666667,0.213333333,0.006666666,0.793333333,0.786666667,dio_1204,1,0.55,0.55,0.082666667,0.085333333,dio_1204,dio_0icm|dio_1204,True,False,False,False,False,False,False,False
syntax_survives_raw,family,dio_140n,K_FOLGEKONTAKT2,VARIANTE_L_folgekontakt3,dio_text_19a4wib,dio_text_1fmhwrb,False,inner_unconfirmed_raw_space,inner_unconfirmed_raw_space,0.213333333,0.206666667,-0.006666666,0.786666667,0.793333333,dio_140n,1,0.55,0.55,0.085333333,0.082666667,dio_140n|dio_1r1o,dio_140n,True,False,False,False,False,False,False,False
syntax_survives_raw,family,dio_14ud,K_FOLGEKONTAKT2,VARIANTE_L_folgekontakt3,dio_text_1vsykj3,dio_text_1pg5688,False,inner_unconfirmed_raw_space,inner_unconfirmed_raw_space,0.213333333,0.206666667,-0.006666666,0.786666667,0.793333333,dio_14ud,1,0.55,0.55,0.085333333,0.082666667,dio_12md|dio_14ud,dio_14ud,True,False,False,False,False,False,False,False
syntax_survives_raw,family,dio_15u1,K_FOLGEKONTAKT2,VARIANTE_L_folgekontakt3,dio_text_13fnt2o,dio_text_zo6kma,False,inner_unconfirmed_raw_space,inner_unconfirmed_raw_space,0.206666667,0.213333333,0.006666666,0.793333333,0.786666667,dio_15u1,1,0.55,0.55,0.082666667,0.085333333,dio_15u1,dio_15u1|dio_1mpk,True,False,False,False,False,False,False,False
syntax_survives_raw,family,dio_1q4u,K_FOLGEKONTAKT2,VARIANTE_L_folgekontakt3,dio_text_n8wqh9,dio_text_gvfqrq,False,inner_unconfirmed_raw_space,inner_unconfirmed_raw_space,0.206666667,0.213333333,0.006666666,0.793333333,0.786666667,dio_1q4u,1,0.55,0.55,0.082666667,0.085333333,dio_1q4u,dio_03yz|dio_1q4u,True,False,False,False,False,False,False,False
syntax_survives_raw,family,dio_1r1o,K_FOLGEKONTAKT2,VARIANTE_L_folgekontakt3,dio_text_19a4wib,dio_text_1kx4hnb,False,inner_unconfirmed_raw_space,inner_unconfirmed_raw_space,0.213333333,0.206666667,-0.006666666,0.786666667,0.793333333,dio_1r1o,1,0.55,0.55,0.085333333,0.082666667,dio_140n|dio_1r1o,dio_1r1o,True,False,False,False,False,False,False,False
syntax_survives_raw,family,dio_1reh,K_FOLGEKONTAKT2,VARIANTE_L_folgekontakt3,dio_text_khunoy,dio_text_1m2z4x6,False,inner_unconfirmed_raw_space,inner_unconfirmed_raw_space,0.213333333,0.206666667,-0.006666666,0.786666667,0.793333333,dio_1reh,1,0.55,0.55,0.085333333,0.082666667,dio_0xt9|dio_1reh,dio_1reh,True,False,False,False,False,False,False,False
syntax_survives_raw,text_island,dio_text_10itpss,K_FOLGEKONTAKT2,VARIANTE_L_folgekontakt3,dio_text_10itpss,dio_text_10itpss,True,inner_unconfirmed_raw_space,inner_unconfirmed_raw_space,0.206666667,0.206666667,0.0,0.793333333,0.793333333,dio_0irs,1,0.55,0.55,0.082666667,0.082666667,dio_0irs,dio_0irs,True,False,False,False,False,False,False,False
syntax_survives_raw,text_island,dio_text_10ksgna,K_FOLGEKONTAKT2,VARIANTE_L_folgekontakt3,dio_text_10ksgna,dio_text_10ksgna,True,inner_unconfirmed_raw_space,inner_unconfirmed_raw_space,0.206666667,0.206666667,0.0,0.793333333,0.793333333,dio_1xs0,1,0.55,0.55,0.082666667,0.082666667,dio_1xs0,dio_1xs0,True,False,False,False,False,False,False,False
syntax_survives_raw,text_island,dio_text_110kwje,K_FOLGEKONTAKT2,VARIANTE_L_folgekontakt3,dio_text_110kwje,dio_text_110kwje,True,inner_unconfirmed_raw_space,inner_unconfirmed_raw_space,0.206666667,0.206666667,0.0,0.793333333,0.793333333,dio_1s9i,1,0.55,0.55,0.082666667,0.082666667,dio_1s9i,dio_1s9i,True,False,False,False,False,False,False,False
syntax_survives_raw,text_island,dio_text_115znqh,K_FOLGEKONTAKT2,VARIANTE_L_folgekontakt3,dio_text_115znqh,dio_text_115znqh,True,inner_unconfirmed_raw_space,inner_unconfirmed_raw_space,0.206666667,0.206666667,0.0,0.793333333,0.793333333,dio_1oix,1,0.55,0.55,0.082666667,0.082666667,dio_1oix,dio_1oix,True,False,False,False,False,False,False,False
syntax_survives_raw,text_island,dio_text_11og9em,K_FOLGEKONTAKT2,VARIANTE_L_folgekontakt3,dio_text_11og9em,dio_text_11og9em,True,inner_unconfirmed_raw_space,inner_unconfirmed_raw_space,0.206666667,0.206666667,0.0,0.793333333,0.793333333,dio_1ull,1,0.55,0.55,0.082666667,0.082666667,dio_1ull,dio_1ull,True,False,False,False,False,False,False,False
syntax_survives_raw,text_island,dio_text_11v2o2k,K_FOLGEKONTAKT2,VARIANTE_L_folgekontakt3,dio_text_11v2o2k,dio_text_11v2o2k,True,inner_unconfirmed_raw_space,inner_unconfirmed_raw_space,0.206666667,0.206666667,0.0,0.793333333,0.793333333,dio_1abl,1,0.55,0.55,0.082666667,0.082666667,dio_1abl,dio_1abl,True,False,False,False,False,False,False,False
syntax_survives_raw,text_island,dio_text_12aztxx,K_FOLGEKONTAKT2,VARIANTE_L_folgekontakt3,dio_text_12aztxx,dio_text_12aztxx,True,inner_unconfirmed_raw_space,inner_unconfirmed_raw_space,0.206666667,0.206666667,0.0,0.793333333,0.793333333,dio_07we,1,0.55,0.55,0.082666667,0.082666667,dio_07we,dio_07we,True,False,False,False,False,False,False,False
syntax_survives_raw,text_island,dio_text_12jcjlq,K_FOLGEKONTAKT2,VARIANTE_L_folgekontakt3,dio_text_12jcjlq,dio_text_12jcjlq,True,inner_unconfirmed_raw_space,inner_unconfirmed_raw_space,0.206666667,0.206666667,0.0,0.793333333,0.793333333,dio_1ocs,1,0.55,0.55,0.082666667,0.082666667,dio_1ocs,dio_1ocs,True,False,False,False,False,False,False,False
syntax_survives_raw,text_island,dio_text_12o9nwj,K_FOLGEKONTAKT2,VARIANTE_L_folgekontakt3,dio_text_12o9nwj,dio_text_12o9nwj,True,inner_unconfirmed_raw_space,inner_unconfirmed_raw_space,0.206666667,0.206666667,0.0,0.793333333,0.793333333,dio_080e,1,0.55,0.55,0.082666667,0.082666667,dio_080e,dio_080e,True,False,False,False,False,False,False,False
syntax_survives_raw,text_island,dio_text_12t8zsq,K_FOLGEKONTAKT2,VARIANTE_L_folgekontakt3,dio_text_12t8zsq,dio_text_12t8zsq,True,inner_unconfirmed_raw_space,inner_unconfirmed_raw_space,0.206666667,0.206666667,0.0,0.793333333,0.793333333,dio_1obx,1,0.55,0.55,0.082666667,0.082666667,dio_1obx,dio_1obx,True,False,False,False,False,False,False,False
syntax_survives_raw,text_island,dio_text_13h07td,K_FOLGEKONTAKT2,VARIANTE_L_folgekontakt3,dio_text_13h07td,dio_text_13h07td,True,inner_unconfirmed_raw_space,inner_unconfirmed_raw_space,0.206666667,0.206666667,0.0,0.793333333,0.793333333,dio_1cdk,1,0.55,0.55,0.082666667,0.082666667,dio_1cdk,dio_1cdk,True,False,False,False,False,False,False,False
syntax_survives_raw,text_island,dio_text_13i6h0l,K_FOLGEKONTAKT2,VARIANTE_L_folgekontakt3,dio_text_13i6h0l,dio_text_13i6h0l,True,inner_unconfirmed_raw_space,inner_unconfirmed_raw_space,0.206666667,0.206666667,0.0,0.793333333,0.793333333,dio_1chc,1,0.55,0.55,0.082666667,0.082666667,dio_1chc,dio_1chc,True,False,False,False,False,False,False,False
syntax_survives_raw,text_island,dio_text_13r2osw,K_FOLGEKONTAKT2,VARIANTE_L_folgekontakt3,dio_text_13r2osw,dio_text_13r2osw,True,inner_unconfirmed_raw_space,inner_unconfirmed_raw_space,0.206666667,0.206666667,0.0,0.793333333,0.793333333,dio_1hjm,1,0.55,0.55,0.082666667,0.082666667,dio_1hjm,dio_1hjm,True,False,False,False,False,False,False,False
syntax_survives_raw,text_island,dio_text_13shwtq,K_FOLGEKONTAKT2,VARIANTE_L_folgekontakt3,dio_text_13shwtq,dio_text_13shwtq,True,inner_unconfirmed_raw_space,inner_unconfirmed_raw_space,0.206666667,0.206666667,0.0,0.793333333,0.793333333,dio_1aic,1,0.55,0.55,0.082666667,0.082666667,dio_1aic,dio_1aic,True,False,False,False,False,False,False,False
syntax_survives_raw,text_island,dio_text_13vhqp9,K_FOLGEKONTAKT2,VARIANTE_L_folgekontakt3,dio_text_13vhqp9,dio_text_13vhqp9,True,inner_unconfirmed_raw_space,inner_unconfirmed_raw_space,0.206666667,0.206666667,0.0,0.793333333,0.793333333,dio_1h0p,1,0.55,0.55,0.082666667,0.082666667,dio_1h0p,dio_1h0p,True,False,False,False,False,False,False,False
syntax_survives_raw,text_island,dio_text_1443oo6,K_FOLGEKONTAKT2,VARIANTE_L_folgekontakt3,dio_text_1443oo6,dio_text_1443oo6,True,inner_unconfirmed_raw_space,inner_unconfirmed_raw_space,0.206666667,0.206666667,0.0,0.793333333,0.793333333,dio_05xk,1,0.55,0.55,0.082666667,0.082666667,dio_05xk,dio_05xk,True,False,False,False,False,False,False,False
syntax_survives_raw,text_island,dio_text_147cmun,K_FOLGEKONTAKT2,VARIANTE_L_folgekontakt3,dio_text_147cmun,dio_text_147cmun,True,inner_unconfirmed_raw_space,inner_unconfirmed_raw_space,0.206666667,0.206666667,0.0,0.793333333,0.793333333,dio_1ubq,1,0.55,0.55,0.082666667,0.082666667,dio_1ubq,dio_1ubq,True,False,False,False,False,False,False,False
syntax_survives_raw,text_island,dio_text_149kk0l,K_FOLGEKONTAKT2,VARIANTE_L_folgekontakt3,dio_text_149kk0l,dio_text_149kk0l,True,inner_unconfirmed_raw_space,inner_unconfirmed_raw_space,0.206666667,0.206666667,0.0,0.793333333,0.793333333,dio_01w7,1,0.55,0.55,0.082666667,0.082666667,dio_01w7,dio_01w7,True,False,False,False,False,False,False,False
syntax_survives_raw,text_island,dio_text_14cjsrg,K_FOLGEKONTAKT2,VARIANTE_L_folgekontakt3,dio_text_14cjsrg,dio_text_14cjsrg,True,inner_unconfirmed_raw_space,inner_unconfirmed_raw_space,0.206666667,0.206666667,0.0,0.793333333,0.793333333,dio_1o2b,1,0.55,0.55,0.082666667,0.082666667,dio_1o2b,dio_1o2b,True,False,False,False,False,False,False,False
syntax_survives_raw,text_island,dio_text_14eizb9,K_FOLGEKONTAKT2,VARIANTE_L_folgekontakt3,dio_text_14eizb9,dio_text_14eizb9,True,inner_unconfirmed_raw_space,inner_unconfirmed_raw_space,0.206666667,0.206666667,0.0,0.793333333,0.793333333,dio_19bg,1,0.55,0.55,0.082666667,0.082666667,dio_19bg,dio_19bg,True,False,False,False,False,False,False,False
syntax_survives_raw,text_island,dio_text_14ft760,K_FOLGEKONTAKT2,VARIANTE_L_folgekontakt3,dio_text_14ft760,dio_text_14ft760,True,inner_unconfirmed_raw_space,inner_unconfirmed_raw_space,0.206666667,0.206666667,0.0,0.793333333,0.793333333,dio_08mk,1,0.55,0.55,0.082666667,0.082666667,dio_08mk,dio_08mk,True,False,False,False,False,False,False,False
syntax_survives_raw,text_island,dio_text_14vy8i0,K_FOLGEKONTAKT2,VARIANTE_L_folgekontakt3,dio_text_14vy8i0,dio_text_14vy8i0,True,inner_unconfirmed_raw_space,inner_unconfirmed_raw_space,0.206666667,0.206666667,0.0,0.793333333,0.793333333,dio_0ink,1,0.55,0.55,0.082666667,0.082666667,dio_0ink,dio_0ink,True,False,False,False,False,False,False,False
syntax_survives_raw,text_island,dio_text_153gn8y,K_FOLGEKONTAKT2,VARIANTE_L_folgekontakt3,dio_text_153gn8y,dio_text_153gn8y,True,inner_unconfirmed_raw_space,inner_unconfirmed_raw_space,0.206666667,0.206666667,0.0,0.793333333,0.793333333,dio_1jba,1,0.55,0.55,0.082666667,0.082666667,dio_1jba,dio_1jba,True,False,False,False,False,False,False,False
syntax_survives_raw,text_island,dio_text_165ur45,K_FOLGEKONTAKT2,VARIANTE_L_folgekontakt3,dio_text_165ur45,dio_text_165ur45,True,inner_unconfirmed_raw_space,inner_unconfirmed_raw_space,0.206666667,0.206666667,0.0,0.793333333,0.793333333,dio_0bm2,1,0.55,0.55,0.082666667,0.082666667,dio_0bm2,dio_0bm2,True,False,False,False,False,False,False,False
syntax_survives_raw,text_island,dio_text_16qwab5,K_FOLGEKONTAKT2,VARIANTE_L_folgekontakt3,dio_text_16qwab5,dio_text_16qwab5,True,inner_unconfirmed_raw_space,inner_unconfirmed_raw_space,0.206666667,0.206666667,0.0,0.793333333,0.793333333,dio_1jgc,1,0.55,0.55,0.082666667,0.082666667,dio_1jgc,dio_1jgc,True,False,False,False,False,False,False,False
syntax_survives_raw,text_island,dio_text_16zzx7f,K_FOLGEKONTAKT2,VARIANTE_L_folgekontakt3,dio_text_16zzx7f,dio_text_16zzx7f,True,inner_unconfirmed_raw_space,inner_unconfirmed_raw_space,0.206666667,0.206666667,0.0,0.793333333,0.793333333,dio_08ub,1,0.55,0.55,0.082666667,0.082666667,dio_08ub,dio_08ub,True,False,False,False,False,False,False,False
syntax_survives_raw,text_island,dio_text_17oi9bw,K_FOLGEKONTAKT2,VARIANTE_L_folgekontakt3,dio_text_17oi9bw,dio_text_17oi9bw,True,inner_unconfirmed_raw_space,inner_unconfirmed_raw_space,0.206666667,0.206666667,0.0,0.793333333,0.793333333,dio_0lf6,1,0.55,0.55,0.082666667,0.082666667,dio_0lf6,dio_0lf6,True,False,False,False,False,False,False,False
syntax_survives_raw,text_island,dio_text_189rf2t,K_FOLGEKONTAKT2,VARIANTE_L_folgekontakt3,dio_text_189rf2t,dio_text_189rf2t,True,inner_unconfirmed_raw_space,inner_unconfirmed_raw_space,0.206666667,0.206666667,0.0,0.793333333,0.793333333,dio_05zt,1,0.55,0.55,0.082666667,0.082666667,dio_05zt,dio_05zt,True,False,False,False,False,False,False,False
syntax_survives_raw,text_island,dio_text_18ku4h1,K_FOLGEKONTAKT2,VARIANTE_L_folgekontakt3,dio_text_18ku4h1,dio_text_18ku4h1,True,inner_unconfirmed_raw_space,inner_unconfirmed_raw_space,0.206666667,0.206666667,0.0,0.793333333,0.793333333,dio_05ws,1,0.55,0.55,0.082666667,0.082666667,dio_05ws,dio_05ws,True,False,False,False,False,False,False,False
syntax_survives_raw,text_island,dio_text_19ai6oy,K_FOLGEKONTAKT2,VARIANTE_L_folgekontakt3,dio_text_19ai6oy,dio_text_19ai6oy,True,inner_unconfirmed_raw_space,inner_unconfirmed_raw_space,0.206666667,0.206666667,0.0,0.793333333,0.793333333,dio_0lr0,1,0.55,0.55,0.082666667,0.082666667,dio_0lr0,dio_0lr0,True,False,False,False,False,False,False,False
syntax_survives_raw,text_island,dio_text_19g4nvn,K_FOLGEKONTAKT2,VARIANTE_L_folgekontakt3,dio_text_19g4nvn,dio_text_19g4nvn,True,inner_unconfirmed_raw_space,inner_unconfirmed_raw_space,0.206666667,0.206666667,0.0,0.793333333,0.793333333,dio_1c4a,1,0.55,0.55,0.082666667,0.082666667,dio_1c4a,dio_1c4a,True,False,False,False,False,False,False,False
syntax_survives_raw,text_island,dio_text_19ui5ym,K_FOLGEKONTAKT2,VARIANTE_L_folgekontakt3,dio_text_19ui5ym,dio_text_19ui5ym,True,inner_unconfirmed_raw_space,inner_unconfirmed_raw_space,0.206666667,0.206666667,0.0,0.793333333,0.793333333,dio_0reg,1,0.55,0.55,0.082666667,0.082666667,dio_0reg,dio_0reg,True,False,False,False,False,False,False,False
syntax_survives_raw,text_island,dio_text_1aduozz,K_FOLGEKONTAKT2,VARIANTE_L_folgekontakt3,dio_text_1aduozz,dio_text_1aduozz,True,inner_unconfirmed_raw_space,inner_unconfirmed_raw_space,0.206666667,0.206666667,0.0,0.793333333,0.793333333,dio_12xx,1,0.55,0.55,0.082666667,0.082666667,dio_12xx,dio_12xx,True,False,False,False,False,False,False,False
syntax_survives_raw,text_island,dio_text_1axxr0j,K_FOLGEKONTAKT2,VARIANTE_L_folgekontakt3,dio_text_1axxr0j,dio_text_1axxr0j,True,inner_unconfirmed_raw_space,inner_unconfirmed_raw_space,0.206666667,0.206666667,0.0,0.793333333,0.793333333,dio_1si6,1,0.55,0.55,0.082666667,0.082666667,dio_1si6,dio_1si6,True,False,False,False,False,False,False,False
syntax_survives_raw,text_island,dio_text_1ay26rp,K_FOLGEKONTAKT2,VARIANTE_L_folgekontakt3,dio_text_1ay26rp,dio_text_1ay26rp,True,inner_unconfirmed_raw_space,inner_unconfirmed_raw_space,0.206666667,0.206666667,0.0,0.793333333,0.793333333,dio_1wja,1,0.55,0.55,0.082666667,0.082666667,dio_1wja,dio_1wja,True,False,False,False,False,False,False,False
syntax_survives_raw,text_island,dio_text_1bpdywj,K_FOLGEKONTAKT2,VARIANTE_L_folgekontakt3,dio_text_1bpdywj,dio_text_1bpdywj,True,inner_unconfirmed_raw_space,inner_unconfirmed_raw_space,0.206666667,0.206666667,0.0,0.793333333,0.793333333,dio_0jp7,1,0.55,0.55,0.082666667,0.082666667,dio_0jp7,dio_0jp7,True,False,False,False,False,False,False,False
syntax_survives_raw,text_island,dio_text_1c3ihf1,K_FOLGEKONTAKT2,VARIANTE_L_folgekontakt3,dio_text_1c3ihf1,dio_text_1c3ihf1,True,inner_unconfirmed_raw_space,inner_unconfirmed_raw_space,0.206666667,0.206666667,0.0,0.793333333,0.793333333,dio_1cmt,1,0.55,0.55,0.082666667,0.082666667,dio_1cmt,dio_1cmt,True,False,False,False,False,False,False,False
syntax_survives_raw,text_island,dio_text_1carhok,K_FOLGEKONTAKT2,VARIANTE_L_folgekontakt3,dio_text_1carhok,dio_text_1carhok,True,inner_unconfirmed_raw_space,inner_unconfirmed_raw_space,0.206666667,0.206666667,0.0,0.793333333,0.793333333,dio_1jfw,1,0.55,0.55,0.082666667,0.082666667,dio_1jfw,dio_1jfw,True,False,False,False,False,False,False,False
syntax_survives_raw,text_island,dio_text_1cxrbe8,K_FOLGEKONTAKT2,VARIANTE_L_folgekontakt3,dio_text_1cxrbe8,dio_text_1cxrbe8,True,inner_unconfirmed_raw_space,inner_unconfirmed_raw_space,0.206666667,0.206666667,0.0,0.793333333,0.793333333,dio_0710,1,0.55,0.55,0.082666667,0.082666667,dio_0710,dio_0710,True,False,False,False,False,False,False,False
syntax_survives_raw,text_island,dio_text_1d07jp3,K_FOLGEKONTAKT2,VARIANTE_L_folgekontakt3,dio_text_1d07jp3,dio_text_1d07jp3,True,inner_unconfirmed_raw_space,inner_unconfirmed_raw_space,0.206666667,0.206666667,0.0,0.793333333,0.793333333,dio_0a08,1,0.55,0.55,0.082666667,0.082666667,dio_0a08,dio_0a08,True,False,False,False,False,False,False,False
syntax_survives_raw,text_island,dio_text_1d1v7l4,K_FOLGEKONTAKT2,VARIANTE_L_folgekontakt3,dio_text_1d1v7l4,dio_text_1d1v7l4,True,inner_unconfirmed_raw_space,inner_unconfirmed_raw_space,0.206666667,0.206666667,0.0,0.793333333,0.793333333,dio_0omt,1,0.55,0.55,0.082666667,0.082666667,dio_0omt,dio_0omt,True,False,False,False,False,False,False,False
syntax_survives_raw,text_island,dio_text_1d7dqoy,K_FOLGEKONTAKT2,VARIANTE_L_folgekontakt3,dio_text_1d7dqoy,dio_text_1d7dqoy,True,inner_unconfirmed_raw_space,inner_unconfirmed_raw_space,0.206666667,0.206666667,0.0,0.793333333,0.793333333,dio_1cln,1,0.55,0.55,0.082666667,0.082666667,dio_1cln,dio_1cln,True,False,False,False,False,False,False,False
syntax_survives_raw,text_island,dio_text_1dgqs7f,K_FOLGEKONTAKT2,VARIANTE_L_folgekontakt3,dio_text_1dgqs7f,dio_text_1dgqs7f,True,inner_unconfirmed_raw_space,inner_unconfirmed_raw_space,0.206666667,0.206666667,0.0,0.793333333,0.793333333,dio_14ai,1,0.55,0.55,0.082666667,0.082666667,dio_14ai,dio_14ai,True,False,False,False,False,False,False,False
syntax_survives_raw,text_island,dio_text_1dwwyww,K_FOLGEKONTAKT2,VARIANTE_L_folgekontakt3,dio_text_1dwwyww,dio_text_1dwwyww,True,inner_unconfirmed_raw_space,inner_unconfirmed_raw_space,0.206666667,0.206666667,0.0,0.793333333,0.793333333,dio_17x0,1,0.55,0.55,0.082666667,0.082666667,dio_17x0,dio_17x0,True,False,False,False,False,False,False,False
syntax_survives_raw,text_island,dio_text_1e0opc6,K_FOLGEKONTAKT2,VARIANTE_L_folgekontakt3,dio_text_1e0opc6,dio_text_1e0opc6,True,inner_unconfirmed_raw_space,inner_unconfirmed_raw_space,0.206666667,0.206666667,0.0,0.793333333,0.793333333,dio_10q6,1,0.55,0.55,0.082666667,0.082666667,dio_10q6,dio_10q6,True,False,False,False,False,False,False,False
syntax_survives_raw,text_island,dio_text_1e29gx,K_FOLGEKONTAKT2,VARIANTE_L_folgekontakt3,dio_text_1e29gx,dio_text_1e29gx,True,inner_unconfirmed_raw_space,inner_unconfirmed_raw_space,0.206666667,0.206666667,0.0,0.793333333,0.793333333,dio_0gmo,1,0.55,0.55,0.082666667,0.082666667,dio_0gmo,dio_0gmo,True,False,False,False,False,False,False,False
syntax_survives_raw,text_island,dio_text_1e74g2f,K_FOLGEKONTAKT2,VARIANTE_L_folgekontakt3,dio_text_1e74g2f,dio_text_1e74g2f,True,inner_unconfirmed_raw_space,inner_unconfirmed_raw_space,0.206666667,0.206666667,0.0,0.793333333,0.793333333,dio_1635,1,0.55,0.55,0.082666667,0.082666667,dio_1635,dio_1635,True,False,False,False,False,False,False,False
syntax_survives_raw,text_island,dio_text_1e9lmzp,K_FOLGEKONTAKT2,VARIANTE_L_folgekontakt3,dio_text_1e9lmzp,dio_text_1e9lmzp,True,inner_unconfirmed_raw_space,inner_unconfirmed_raw_space,0.206666667,0.206666667,0.0,0.793333333,0.793333333,dio_0coa,1,0.55,0.55,0.082666667,0.082666667,dio_0coa,dio_0coa,True,False,False,False,False,False,False,False
syntax_survives_raw,text_island,dio_text_1ef2xp,K_FOLGEKONTAKT2,VARIANTE_L_folgekontakt3,dio_text_1ef2xp,dio_text_1ef2xp,True,inner_unconfirmed_raw_space,inner_unconfirmed_raw_space,0.206666667,0.206666667,0.0,0.793333333,0.793333333,dio_0sdt,1,0.55,0.55,0.082666667,0.082666667,dio_0sdt,dio_0sdt,True,False,False,False,False,False,False,False
syntax_survives_raw,text_island,dio_text_1ein2fd,K_FOLGEKONTAKT2,VARIANTE_L_folgekontakt3,dio_text_1ein2fd,dio_text_1ein2fd,True,inner_unconfirmed_raw_space,inner_unconfirmed_raw_space,0.206666667,0.206666667,0.0,0.793333333,0.793333333,dio_10j6,1,0.55,0.55,0.082666667,0.082666667,dio_10j6,dio_10j6,True,False,False,False,False,False,False,False
syntax_survives_raw,text_island,dio_text_1equ5i8,K_FOLGEKONTAKT2,VARIANTE_L_folgekontakt3,dio_text_1equ5i8,dio_text_1equ5i8,True,inner_unconfirmed_raw_space,inner_unconfirmed_raw_space,0.206666667,0.206666667,0.0,0.793333333,0.793333333,dio_1lji,1,0.55,0.55,0.082666667,0.082666667,dio_1lji,dio_1lji,True,False,False,False,False,False,False,False
syntax_survives_raw,text_island,dio_text_1ey1k1p,K_FOLGEKONTAKT2,VARIANTE_L_folgekontakt3,dio_text_1ey1k1p,dio_text_1ey1k1p,True,inner_unconfirmed_raw_space,inner_unconfirmed_raw_space,0.206666667,0.206666667,0.0,0.793333333,0.793333333,dio_0o0t,1,0.55,0.55,0.082666667,0.082666667,dio_0o0t,dio_0o0t,True,False,False,False,False,False,False,False
syntax_survives_raw,text_island,dio_text_1fad5qi,K_FOLGEKONTAKT2,VARIANTE_L_folgekontakt3,dio_text_1fad5qi,dio_text_1fad5qi,True,inner_unconfirmed_raw_space,inner_unconfirmed_raw_space,0.206666667,0.206666667,0.0,0.793333333,0.793333333,dio_0ocp,1,0.55,0.55,0.082666667,0.082666667,dio_0ocp,dio_0ocp,True,False,False,False,False,False,False,False
syntax_survives_raw,text_island,dio_text_1fjyzwy,K_FOLGEKONTAKT2,VARIANTE_L_folgekontakt3,dio_text_1fjyzwy,dio_text_1fjyzwy,True,inner_unconfirmed_raw_space,inner_unconfirmed_raw_space,0.206666667,0.206666667,0.0,0.793333333,0.793333333,dio_0jg9,1,0.55,0.55,0.082666667,0.082666667,dio_0jg9,dio_0jg9,True,False,False,False,False,False,False,False
syntax_survives_raw,text_island,dio_text_1flqqmv,K_FOLGEKONTAKT2,VARIANTE_L_folgekontakt3,dio_text_1flqqmv,dio_text_1flqqmv,True,inner_unconfirmed_raw_space,inner_unconfirmed_raw_space,0.206666667,0.206666667,0.0,0.793333333,0.793333333,dio_1640,1,0.55,0.55,0.082666667,0.082666667,dio_1640,dio_1640,True,False,False,False,False,False,False,False
syntax_survives_raw,text_island,dio_text_1frqbhh,K_FOLGEKONTAKT2,VARIANTE_L_folgekontakt3,dio_text_1frqbhh,dio_text_1frqbhh,True,inner_unconfirmed_raw_space,inner_unconfirmed_raw_space,0.206666667,0.206666667,0.0,0.793333333,0.793333333,dio_1pbz,1,0.55,0.55,0.082666667,0.082666667,dio_1pbz,dio_1pbz,True,False,False,False,False,False,False,False
syntax_survives_raw,text_island,dio_text_1g8gq6a,K_FOLGEKONTAKT2,VARIANTE_L_folgekontakt3,dio_text_1g8gq6a,dio_text_1g8gq6a,True,inner_unconfirmed_raw_space,inner_unconfirmed_raw_space,0.206666667,0.206666667,0.0,0.793333333,0.793333333,dio_1p8y,1,0.55,0.55,0.082666667,0.082666667,dio_1p8y,dio_1p8y,True,False,False,False,False,False,False,False
syntax_survives_raw,text_island,dio_text_1gfrpvc,K_FOLGEKONTAKT2,VARIANTE_L_folgekontakt3,dio_text_1gfrpvc,dio_text_1gfrpvc,True,inner_unconfirmed_raw_space,inner_unconfirmed_raw_space,0.206666667,0.206666667,0.0,0.793333333,0.793333333,dio_1ldo,1,0.55,0.55,0.082666667,0.082666667,dio_1ldo,dio_1ldo,True,False,False,False,False,False,False,False
syntax_survives_raw,text_island,dio_text_1h3mcvc,K_FOLGEKONTAKT2,VARIANTE_L_folgekontakt3,dio_text_1h3mcvc,dio_text_1h3mcvc,True,inner_unconfirmed_raw_space,inner_unconfirmed_raw_space,0.206666667,0.206666667,0.0,0.793333333,0.793333333,dio_0p8l,1,0.55,0.55,0.082666667,0.082666667,dio_0p8l,dio_0p8l,True,False,False,False,False,False,False,False
syntax_survives_raw,text_island,dio_text_1hcib69,K_FOLGEKONTAKT2,VARIANTE_L_folgekontakt3,dio_text_1hcib69,dio_text_1hcib69,True,inner_unconfirmed_raw_space,inner_unconfirmed_raw_space,0.206666667,0.206666667,0.0,0.793333333,0.793333333,dio_1eaf,1,0.55,0.55,0.082666667,0.082666667,dio_1eaf,dio_1eaf,True,False,False,False,False,False,False,False
syntax_survives_raw,text_island,dio_text_1hyyuxo,K_FOLGEKONTAKT2,VARIANTE_L_folgekontakt3,dio_text_1hyyuxo,dio_text_1hyyuxo,True,inner_unconfirmed_raw_space,inner_unconfirmed_raw_space,0.206666667,0.206666667,0.0,0.793333333,0.793333333,dio_1pel,1,0.55,0.55,0.082666667,0.082666667,dio_1pel,dio_1pel,True,False,False,False,False,False,False,False
syntax_survives_raw,text_island,dio_text_1ie121q,K_FOLGEKONTAKT2,VARIANTE_L_folgekontakt3,dio_text_1ie121q,dio_text_1ie121q,True,inner_unconfirmed_raw_space,inner_unconfirmed_raw_space,0.206666667,0.206666667,0.0,0.793333333,0.793333333,dio_1exx,1,0.55,0.55,0.082666667,0.082666667,dio_1exx,dio_1exx,True,False,False,False,False,False,False,False
syntax_survives_raw,text_island,dio_text_1iiy2bm,K_FOLGEKONTAKT2,VARIANTE_L_folgekontakt3,dio_text_1iiy2bm,dio_text_1iiy2bm,True,inner_unconfirmed_raw_space,inner_unconfirmed_raw_space,0.206666667,0.206666667,0.0,0.793333333,0.793333333,dio_1pen,1,0.55,0.55,0.082666667,0.082666667,dio_1pen,dio_1pen,True,False,False,False,False,False,False,False
syntax_survives_raw,text_island,dio_text_1iuwfze,K_FOLGEKONTAKT2,VARIANTE_L_folgekontakt3,dio_text_1iuwfze,dio_text_1iuwfze,True,inner_unconfirmed_raw_space,inner_unconfirmed_raw_space,0.213333333,0.213333333,0.0,0.786666667,0.786666667,dio_0r8l|dio_10xx,2,0.55,0.55,0.085333333,0.085333333,dio_0r8l|dio_10xx,dio_0r8l|dio_10xx,True,False,False,False,False,False,False,False
syntax_survives_raw,text_island,dio_text_1iy6mgi,K_FOLGEKONTAKT2,VARIANTE_L_folgekontakt3,dio_text_1iy6mgi,dio_text_1iy6mgi,True,inner_unconfirmed_raw_space,inner_unconfirmed_raw_space,0.206666667,0.206666667,0.0,0.793333333,0.793333333,dio_07t9,1,0.55,0.55,0.082666667,0.082666667,dio_07t9,dio_07t9,True,False,False,False,False,False,False,False
syntax_survives_raw,text_island,dio_text_1j5668v,K_FOLGEKONTAKT2,VARIANTE_L_folgekontakt3,dio_text_1j5668v,dio_text_1j5668v,True,inner_unconfirmed_raw_space,inner_unconfirmed_raw_space,0.206666667,0.206666667,0.0,0.793333333,0.793333333,dio_0r61,1,0.55,0.55,0.082666667,0.082666667,dio_0r61,dio_0r61,True,False,False,False,False,False,False,False
syntax_survives_raw,text_island,dio_text_1j80ia3,K_FOLGEKONTAKT2,VARIANTE_L_folgekontakt3,dio_text_1j80ia3,dio_text_1j80ia3,True,inner_unconfirmed_raw_space,inner_unconfirmed_raw_space,0.206666667,0.206666667,0.0,0.793333333,0.793333333,dio_0t27,1,0.55,0.55,0.082666667,0.082666667,dio_0t27,dio_0t27,True,False,False,False,False,False,False,False
syntax_survives_raw,text_island,dio_text_1j8685h,K_FOLGEKONTAKT2,VARIANTE_L_folgekontakt3,dio_text_1j8685h,dio_text_1j8685h,True,inner_unconfirmed_raw_space,inner_unconfirmed_raw_space,0.206666667,0.206666667,0.0,0.793333333,0.793333333,dio_07t8,1,0.55,0.55,0.082666667,0.082666667,dio_07t8,dio_07t8,True,False,False,False,False,False,False,False
syntax_survives_raw,text_island,dio_text_1jdlpx1,K_FOLGEKONTAKT2,VARIANTE_L_folgekontakt3,dio_text_1jdlpx1,dio_text_1jdlpx1,True,inner_unconfirmed_raw_space,inner_unconfirmed_raw_space,0.206666667,0.206666667,0.0,0.793333333,0.793333333,dio_0pni,1,0.55,0.55,0.082666667,0.082666667,dio_0pni,dio_0pni,True,False,False,False,False,False,False,False
syntax_survives_raw,text_island,dio_text_1jwe3ou,K_FOLGEKONTAKT2,VARIANTE_L_folgekontakt3,dio_text_1jwe3ou,dio_text_1jwe3ou,True,inner_unconfirmed_raw_space,inner_unconfirmed_raw_space,0.206666667,0.206666667,0.0,0.793333333,0.793333333,dio_1pnc,1,0.55,0.55,0.082666667,0.082666667,dio_1pnc,dio_1pnc,True,False,False,False,False,False,False,False
syntax_survives_raw,text_island,dio_text_1k7vqpn,K_FOLGEKONTAKT2,VARIANTE_L_folgekontakt3,dio_text_1k7vqpn,dio_text_1k7vqpn,True,inner_unconfirmed_raw_space,inner_unconfirmed_raw_space,0.206666667,0.206666667,0.0,0.793333333,0.793333333,dio_02cr,1,0.55,0.55,0.082666667,0.082666667,dio_02cr,dio_02cr,True,False,False,False,False,False,False,False
syntax_survives_raw,text_island,dio_text_1k9bges,K_FOLGEKONTAKT2,VARIANTE_L_folgekontakt3,dio_text_1k9bges,dio_text_1k9bges,True,inner_unconfirmed_raw_space,inner_unconfirmed_raw_space,0.206666667,0.206666667,0.0,0.793333333,0.793333333,dio_02rt,1,0.55,0.55,0.082666667,0.082666667,dio_02rt,dio_02rt,True,False,False,False,False,False,False,False
syntax_survives_raw,text_island,dio_text_1ko0w1m,K_FOLGEKONTAKT2,VARIANTE_L_folgekontakt3,dio_text_1ko0w1m,dio_text_1ko0w1m,True,inner_unconfirmed_raw_space,inner_unconfirmed_raw_space,0.206666667,0.206666667,0.0,0.793333333,0.793333333,dio_1wnl,1,0.55,0.55,0.082666667,0.082666667,dio_1wnl,dio_1wnl,True,False,False,False,False,False,False,False
syntax_survives_raw,text_island,dio_text_1kpyv1t,K_FOLGEKONTAKT2,VARIANTE_L_folgekontakt3,dio_text_1kpyv1t,dio_text_1kpyv1t,True,inner_unconfirmed_raw_space,inner_unconfirmed_raw_space,0.206666667,0.206666667,0.0,0.793333333,0.793333333,dio_1rko,1,0.55,0.55,0.082666667,0.082666667,dio_1rko,dio_1rko,True,False,False,False,False,False,False,False
syntax_survives_raw,text_island,dio_text_1l0nbzl,K_FOLGEKONTAKT2,VARIANTE_L_folgekontakt3,dio_text_1l0nbzl,dio_text_1l0nbzl,True,inner_unconfirmed_raw_space,inner_unconfirmed_raw_space,0.206666667,0.206666667,0.0,0.793333333,0.793333333,dio_0m9e,1,0.55,0.55,0.082666667,0.082666667,dio_0m9e,dio_0m9e,True,False,False,False,False,False,False,False
syntax_survives_raw,text_island,dio_text_1l6ux1l,K_FOLGEKONTAKT2,VARIANTE_L_folgekontakt3,dio_text_1l6ux1l,dio_text_1l6ux1l,True,inner_unconfirmed_raw_space,inner_unconfirmed_raw_space,0.206666667,0.206666667,0.0,0.793333333,0.793333333,dio_1i05,1,0.55,0.55,0.082666667,0.082666667,dio_1i05,dio_1i05,True,False,False,False,False,False,False,False
syntax_survives_raw,text_island,dio_text_1l87h91,K_FOLGEKONTAKT2,VARIANTE_L_folgekontakt3,dio_text_1l87h91,dio_text_1l87h91,True,inner_unconfirmed_raw_space,inner_unconfirmed_raw_space,0.206666667,0.206666667,0.0,0.793333333,0.793333333,dio_0y5i,1,0.55,0.55,0.082666667,0.082666667,dio_0y5i,dio_0y5i,True,False,False,False,False,False,False,False
syntax_survives_raw,text_island,dio_text_1lm80e3,K_FOLGEKONTAKT2,VARIANTE_L_folgekontakt3,dio_text_1lm80e3,dio_text_1lm80e3,True,inner_unconfirmed_raw_space,inner_unconfirmed_raw_space,0.206666667,0.206666667,0.0,0.793333333,0.793333333,dio_0r90,1,0.55,0.55,0.082666667,0.082666667,dio_0r90,dio_0r90,True,False,False,False,False,False,False,False
syntax_survives_raw,text_island,dio_text_1lo4skl,K_FOLGEKONTAKT2,VARIANTE_L_folgekontakt3,dio_text_1lo4skl,dio_text_1lo4skl,True,inner_unconfirmed_raw_space,inner_unconfirmed_raw_space,0.206666667,0.206666667,0.0,0.793333333,0.793333333,dio_0mtr,1,0.55,0.55,0.082666667,0.082666667,dio_0mtr,dio_0mtr,True,False,False,False,False,False,False,False
syntax_survives_raw,text_island,dio_text_1m5tqfs,K_FOLGEKONTAKT2,VARIANTE_L_folgekontakt3,dio_text_1m5tqfs,dio_text_1m5tqfs,True,inner_unconfirmed_raw_space,inner_unconfirmed_raw_space,0.206666667,0.206666667,0.0,0.793333333,0.793333333,dio_0hl8,1,0.55,0.55,0.082666667,0.082666667,dio_0hl8,dio_0hl8,True,False,False,False,False,False,False,False
syntax_survives_raw,text_island,dio_text_1mdfmx0,K_FOLGEKONTAKT2,VARIANTE_L_folgekontakt3,dio_text_1mdfmx0,dio_text_1mdfmx0,True,inner_unconfirmed_raw_space,inner_unconfirmed_raw_space,0.206666667,0.206666667,0.0,0.793333333,0.793333333,dio_06b8,1,0.55,0.55,0.082666667,0.082666667,dio_06b8,dio_06b8,True,False,False,False,False,False,False,False
syntax_survives_raw,text_island,dio_text_1mvaeuf,K_FOLGEKONTAKT2,VARIANTE_L_folgekontakt3,dio_text_1mvaeuf,dio_text_1mvaeuf,True,inner_unconfirmed_raw_space,inner_unconfirmed_raw_space,0.206666667,0.206666667,0.0,0.793333333,0.793333333,dio_1ekr,1,0.55,0.55,0.082666667,0.082666667,dio_1ekr,dio_1ekr,True,False,False,False,False,False,False,False
syntax_survives_raw,text_island,dio_text_1mx1n6v,K_FOLGEKONTAKT2,VARIANTE_L_folgekontakt3,dio_text_1mx1n6v,dio_text_1mx1n6v,True,inner_unconfirmed_raw_space,inner_unconfirmed_raw_space,0.206666667,0.206666667,0.0,0.793333333,0.793333333,dio_0cxr,1,0.55,0.55,0.082666667,0.082666667,dio_0cxr,dio_0cxr,True,False,False,False,False,False,False,False
syntax_survives_raw,text_island,dio_text_1ndodf0,K_FOLGEKONTAKT2,VARIANTE_L_folgekontakt3,dio_text_1ndodf0,dio_text_1ndodf0,True,inner_unconfirmed_raw_space,inner_unconfirmed_raw_space,0.206666667,0.206666667,0.0,0.793333333,0.793333333,dio_1gig,1,0.55,0.55,0.082666667,0.082666667,dio_1gig,dio_1gig,True,False,False,False,False,False,False,False
syntax_survives_raw,text_island,dio_text_1nmpsuo,K_FOLGEKONTAKT2,VARIANTE_L_folgekontakt3,dio_text_1nmpsuo,dio_text_1nmpsuo,True,inner_unconfirmed_raw_space,inner_unconfirmed_raw_space,0.206666667,0.206666667,0.0,0.793333333,0.793333333,dio_0dki,1,0.55,0.55,0.082666667,0.082666667,dio_0dki,dio_0dki,True,False,False,False,False,False,False,False
syntax_survives_raw,text_island,dio_text_1nx56rt,K_FOLGEKONTAKT2,VARIANTE_L_folgekontakt3,dio_text_1nx56rt,dio_text_1nx56rt,True,inner_unconfirmed_raw_space,inner_unconfirmed_raw_space,0.206666667,0.206666667,0.0,0.793333333,0.793333333,dio_0c9o,1,0.55,0.55,0.082666667,0.082666667,dio_0c9o,dio_0c9o,True,False,False,False,False,False,False,False
syntax_survives_raw,text_island,dio_text_1o0sx2l,K_FOLGEKONTAKT2,VARIANTE_L_folgekontakt3,dio_text_1o0sx2l,dio_text_1o0sx2l,True,inner_unconfirmed_raw_space,inner_unconfirmed_raw_space,0.206666667,0.206666667,0.0,0.793333333,0.793333333,dio_1wgb,1,0.55,0.55,0.082666667,0.082666667,dio_1wgb,dio_1wgb,True,False,False,False,False,False,False,False
syntax_survives_raw,text_island,dio_text_1puiyhl,K_FOLGEKONTAKT2,VARIANTE_L_folgekontakt3,dio_text_1puiyhl,dio_text_1puiyhl,True,inner_unconfirmed_raw_space,inner_unconfirmed_raw_space,0.206666667,0.206666667,0.0,0.793333333,0.793333333,dio_1vz0,1,0.55,0.55,0.082666667,0.082666667,dio_1vz0,dio_1vz0,True,False,False,False,False,False,False,False
syntax_survives_raw,text_island,dio_text_1pzv1vh,K_FOLGEKONTAKT2,VARIANTE_L_folgekontakt3,dio_text_1pzv1vh,dio_text_1pzv1vh,True,inner_unconfirmed_raw_space,inner_unconfirmed_raw_space,0.206666667,0.206666667,0.0,0.793333333,0.793333333,dio_0m7s,1,0.55,0.55,0.082666667,0.082666667,dio_0m7s,dio_0m7s,True,False,False,False,False,False,False,False
syntax_survives_raw,text_island,dio_text_1q3n789,K_FOLGEKONTAKT2,VARIANTE_L_folgekontakt3,dio_text_1q3n789,dio_text_1q3n789,True,inner_unconfirmed_raw_space,inner_unconfirmed_raw_space,0.206666667,0.206666667,0.0,0.793333333,0.793333333,dio_1nkk,1,0.55,0.55,0.082666667,0.082666667,dio_1nkk,dio_1nkk,True,False,False,False,False,False,False,False
syntax_survives_raw,text_island,dio_text_1q6p,K_FOLGEKONTAKT2,VARIANTE_L_folgekontakt3,dio_text_1q6p,dio_text_1q6p,True,inner_unconfirmed_raw_space,inner_unconfirmed_raw_space,0.226666667,0.226666667,0.0,0.773333333,0.773333333,dio_0325|dio_10qz|dio_114i|dio_1ytc,4,0.55,0.55,0.090666667,0.090666667,dio_0325|dio_10qz|dio_114i|dio_1ytc,dio_0325|dio_10qz|dio_114i|dio_1ytc,True,False,False,False,False,False,False,False
syntax_survives_raw,text_island,dio_text_1qh44rw,K_FOLGEKONTAKT2,VARIANTE_L_folgekontakt3,dio_text_1qh44rw,dio_text_1qh44rw,True,inner_unconfirmed_raw_space,inner_unconfirmed_raw_space,0.206666667,0.206666667,0.0,0.793333333,0.793333333,dio_1vg0,1,0.55,0.55,0.082666667,0.082666667,dio_1vg0,dio_1vg0,True,False,False,False,False,False,False,False
syntax_survives_raw,text_island,dio_text_1qif9zl,K_FOLGEKONTAKT2,VARIANTE_L_folgekontakt3,dio_text_1qif9zl,dio_text_1qif9zl,True,inner_unconfirmed_raw_space,inner_unconfirmed_raw_space,0.206666667,0.206666667,0.0,0.793333333,0.793333333,dio_0azl,1,0.55,0.55,0.082666667,0.082666667,dio_0azl,dio_0azl,True,False,False,False,False,False,False,False
syntax_survives_raw,text_island,dio_text_1qkmd9b,K_FOLGEKONTAKT2,VARIANTE_L_folgekontakt3,dio_text_1qkmd9b,dio_text_1qkmd9b,True,inner_unconfirmed_raw_space,inner_unconfirmed_raw_space,0.206666667,0.206666667,0.0,0.793333333,0.793333333,dio_05f2,1,0.55,0.55,0.082666667,0.082666667,dio_05f2,dio_05f2,True,False,False,False,False,False,False,False
syntax_survives_raw,text_island,dio_text_1qncd03,K_FOLGEKONTAKT2,VARIANTE_L_folgekontakt3,dio_text_1qncd03,dio_text_1qncd03,True,inner_unconfirmed_raw_space,inner_unconfirmed_raw_space,0.206666667,0.206666667,0.0,0.793333333,0.793333333,dio_19p7,1,0.55,0.55,0.082666667,0.082666667,dio_19p7,dio_19p7,True,False,False,False,False,False,False,False
syntax_survives_raw,text_island,dio_text_1qox452,K_FOLGEKONTAKT2,VARIANTE_L_folgekontakt3,dio_text_1qox452,dio_text_1qox452,True,inner_unconfirmed_raw_space,inner_unconfirmed_raw_space,0.206666667,0.206666667,0.0,0.793333333,0.793333333,dio_005q,1,0.55,0.55,0.082666667,0.082666667,dio_005q,dio_005q,True,False,False,False,False,False,False,False
syntax_survives_raw,text_island,dio_text_1r13c5u,K_FOLGEKONTAKT2,VARIANTE_L_folgekontakt3,dio_text_1r13c5u,dio_text_1r13c5u,True,inner_unconfirmed_raw_space,inner_unconfirmed_raw_space,0.206666667,0.206666667,0.0,0.793333333,0.793333333,dio_1vg2,1,0.55,0.55,0.082666667,0.082666667,dio_1vg2,dio_1vg2,True,False,False,False,False,False,False,False
syntax_survives_raw,text_island,dio_text_1rk938,K_FOLGEKONTAKT2,VARIANTE_L_folgekontakt3,dio_text_1rk938,dio_text_1rk938,True,inner_unconfirmed_raw_space,inner_unconfirmed_raw_space,0.206666667,0.206666667,0.0,0.793333333,0.793333333,dio_1tsz,1,0.55,0.55,0.082666667,0.082666667,dio_1tsz,dio_1tsz,True,False,False,False,False,False,False,False
syntax_survives_raw,text_island,dio_text_1rnk5fl,K_FOLGEKONTAKT2,VARIANTE_L_folgekontakt3,dio_text_1rnk5fl,dio_text_1rnk5fl,True,inner_unconfirmed_raw_space,inner_unconfirmed_raw_space,0.206666667,0.206666667,0.0,0.793333333,0.793333333,dio_0m1m,1,0.55,0.55,0.082666667,0.082666667,dio_0m1m,dio_0m1m,True,False,False,False,False,False,False,False
syntax_survives_raw,text_island,dio_text_1rv6a3m,K_FOLGEKONTAKT2,VARIANTE_L_folgekontakt3,dio_text_1rv6a3m,dio_text_1rv6a3m,True,inner_unconfirmed_raw_space,inner_unconfirmed_raw_space,0.206666667,0.206666667,0.0,0.793333333,0.793333333,dio_0v3a,1,0.55,0.55,0.082666667,0.082666667,dio_0v3a,dio_0v3a,True,False,False,False,False,False,False,False
syntax_survives_raw,text_island,dio_text_1t3exd1,K_FOLGEKONTAKT2,VARIANTE_L_folgekontakt3,dio_text_1t3exd1,dio_text_1t3exd1,True,inner_unconfirmed_raw_space,inner_unconfirmed_raw_space,0.206666667,0.206666667,0.0,0.793333333,0.793333333,dio_09ow,1,0.55,0.55,0.082666667,0.082666667,dio_09ow,dio_09ow,True,False,False,False,False,False,False,False
syntax_survives_raw,text_island,dio_text_1t6m91t,K_FOLGEKONTAKT2,VARIANTE_L_folgekontakt3,dio_text_1t6m91t,dio_text_1t6m91t,True,inner_unconfirmed_raw_space,inner_unconfirmed_raw_space,0.206666667,0.206666667,0.0,0.793333333,0.793333333,dio_0t8k,1,0.55,0.55,0.082666667,0.082666667,dio_0t8k,dio_0t8k,True,False,False,False,False,False,False,False
syntax_survives_raw,text_island,dio_text_1tdy2mc,K_FOLGEKONTAKT2,VARIANTE_L_folgekontakt3,dio_text_1tdy2mc,dio_text_1tdy2mc,True,inner_unconfirmed_raw_space,inner_unconfirmed_raw_space,0.206666667,0.206666667,0.0,0.793333333,0.793333333,dio_16nc,1,0.55,0.55,0.082666667,0.082666667,dio_16nc,dio_16nc,True,False,False,False,False,False,False,False
syntax_survives_raw,text_island,dio_text_1th2n0q,K_FOLGEKONTAKT2,VARIANTE_L_folgekontakt3,dio_text_1th2n0q,dio_text_1th2n0q,True,inner_unconfirmed_raw_space,inner_unconfirmed_raw_space,0.206666667,0.206666667,0.0,0.793333333,0.793333333,dio_0zq7,1,0.55,0.55,0.082666667,0.082666667,dio_0zq7,dio_0zq7,True,False,False,False,False,False,False,False
syntax_survives_raw,text_island,dio_text_1tl7ola,K_FOLGEKONTAKT2,VARIANTE_L_folgekontakt3,dio_text_1tl7ola,dio_text_1tl7ola,True,inner_unconfirmed_raw_space,inner_unconfirmed_raw_space,0.206666667,0.206666667,0.0,0.793333333,0.793333333,dio_0j8d,1,0.55,0.55,0.082666667,0.082666667,dio_0j8d,dio_0j8d,True,False,False,False,False,False,False,False
syntax_survives_raw,text_island,dio_text_1tpco55,K_FOLGEKONTAKT2,VARIANTE_L_folgekontakt3,dio_text_1tpco55,dio_text_1tpco55,True,inner_unconfirmed_raw_space,inner_unconfirmed_raw_space,0.206666667,0.206666667,0.0,0.793333333,0.793333333,dio_1ndv,1,0.55,0.55,0.082666667,0.082666667,dio_1ndv,dio_1ndv,True,False,False,False,False,False,False,False
syntax_survives_raw,text_island,dio_text_1u0xk3p,K_FOLGEKONTAKT2,VARIANTE_L_folgekontakt3,dio_text_1u0xk3p,dio_text_1u0xk3p,True,inner_unconfirmed_raw_space,inner_unconfirmed_raw_space,0.206666667,0.206666667,0.0,0.793333333,0.793333333,dio_166p,1,0.55,0.55,0.082666667,0.082666667,dio_166p,dio_166p,True,False,False,False,False,False,False,False
syntax_survives_raw,text_island,dio_text_1u4x2ja,K_FOLGEKONTAKT2,VARIANTE_L_folgekontakt3,dio_text_1u4x2ja,dio_text_1u4x2ja,True,inner_unconfirmed_raw_space,inner_unconfirmed_raw_space,0.206666667,0.206666667,0.0,0.793333333,0.793333333,dio_1rbm,1,0.55,0.55,0.082666667,0.082666667,dio_1rbm,dio_1rbm,True,False,False,False,False,False,False,False
syntax_survives_raw,text_island,dio_text_1u7urjd,K_FOLGEKONTAKT2,VARIANTE_L_folgekontakt3,dio_text_1u7urjd,dio_text_1u7urjd,True,inner_unconfirmed_raw_space,inner_unconfirmed_raw_space,0.206666667,0.206666667,0.0,0.793333333,0.793333333,dio_1dl4,1,0.55,0.55,0.082666667,0.082666667,dio_1dl4,dio_1dl4,True,False,False,False,False,False,False,False
syntax_survives_raw,text_island,dio_text_1ud2mlr,K_FOLGEKONTAKT2,VARIANTE_L_folgekontakt3,dio_text_1ud2mlr,dio_text_1ud2mlr,True,inner_unconfirmed_raw_space,inner_unconfirmed_raw_space,0.206666667,0.206666667,0.0,0.793333333,0.793333333,dio_1yob,1,0.55,0.55,0.082666667,0.082666667,dio_1yob,dio_1yob,True,False,False,False,False,False,False,False
syntax_survives_raw,text_island,dio_text_1udw1m6,K_FOLGEKONTAKT2,VARIANTE_L_folgekontakt3,dio_text_1udw1m6,dio_text_1udw1m6,True,inner_unconfirmed_raw_space,inner_unconfirmed_raw_space,0.206666667,0.206666667,0.0,0.793333333,0.793333333,dio_0ft4,1,0.55,0.55,0.082666667,0.082666667,dio_0ft4,dio_0ft4,True,False,False,False,False,False,False,False
syntax_survives_raw,text_island,dio_text_1uhj5j1,K_FOLGEKONTAKT2,VARIANTE_L_folgekontakt3,dio_text_1uhj5j1,dio_text_1uhj5j1,True,inner_unconfirmed_raw_space,inner_unconfirmed_raw_space,0.206666667,0.206666667,0.0,0.793333333,0.793333333,dio_1nwc,1,0.55,0.55,0.082666667,0.082666667,dio_1nwc,dio_1nwc,True,False,False,False,False,False,False,False
syntax_survives_raw,text_island,dio_text_1uruo2z,K_FOLGEKONTAKT2,VARIANTE_L_folgekontakt3,dio_text_1uruo2z,dio_text_1uruo2z,True,inner_unconfirmed_raw_space,inner_unconfirmed_raw_space,0.206666667,0.206666667,0.0,0.793333333,0.793333333,dio_0o73,1,0.55,0.55,0.082666667,0.082666667,dio_0o73,dio_0o73,True,False,False,False,False,False,False,False
syntax_survives_raw,text_island,dio_text_1usrwzw,K_FOLGEKONTAKT2,VARIANTE_L_folgekontakt3,dio_text_1usrwzw,dio_text_1usrwzw,True,inner_unconfirmed_raw_space,inner_unconfirmed_raw_space,0.206666667,0.206666667,0.0,0.793333333,0.793333333,dio_1t2m,1,0.55,0.55,0.082666667,0.082666667,dio_1t2m,dio_1t2m,True,False,False,False,False,False,False,False
syntax_survives_raw,text_island,dio_text_1v3fw9d,K_FOLGEKONTAKT2,VARIANTE_L_folgekontakt3,dio_text_1v3fw9d,dio_text_1v3fw9d,True,inner_unconfirmed_raw_space,inner_unconfirmed_raw_space,0.206666667,0.206666667,0.0,0.793333333,0.793333333,dio_0jdy,1,0.55,0.55,0.082666667,0.082666667,dio_0jdy,dio_0jdy,True,False,False,False,False,False,False,False
syntax_survives_raw,text_island,dio_text_1vkd4bz,K_FOLGEKONTAKT2,VARIANTE_L_folgekontakt3,dio_text_1vkd4bz,dio_text_1vkd4bz,True,inner_unconfirmed_raw_space,inner_unconfirmed_raw_space,0.206666667,0.206666667,0.0,0.793333333,0.793333333,dio_00od,1,0.55,0.55,0.082666667,0.082666667,dio_00od,dio_00od,True,False,False,False,False,False,False,False
syntax_survives_raw,text_island,dio_text_1w8qj0i,K_FOLGEKONTAKT2,VARIANTE_L_folgekontakt3,dio_text_1w8qj0i,dio_text_1w8qj0i,True,inner_unconfirmed_raw_space,inner_unconfirmed_raw_space,0.206666667,0.206666667,0.0,0.793333333,0.793333333,dio_1gsg,1,0.55,0.55,0.082666667,0.082666667,dio_1gsg,dio_1gsg,True,False,False,False,False,False,False,False
syntax_survives_raw,text_island,dio_text_1wqejkj,K_FOLGEKONTAKT2,VARIANTE_L_folgekontakt3,dio_text_1wqejkj,dio_text_1wqejkj,True,inner_unconfirmed_raw_space,inner_unconfirmed_raw_space,0.206666667,0.206666667,0.0,0.793333333,0.793333333,dio_0tjw,1,0.55,0.55,0.082666667,0.082666667,dio_0tjw,dio_0tjw,True,False,False,False,False,False,False,False
syntax_survives_raw,text_island,dio_text_1xai1z3,K_FOLGEKONTAKT2,VARIANTE_L_folgekontakt3,dio_text_1xai1z3,dio_text_1xai1z3,True,inner_unconfirmed_raw_space,inner_unconfirmed_raw_space,0.206666667,0.206666667,0.0,0.793333333,0.793333333,dio_0yk9,1,0.55,0.55,0.082666667,0.082666667,dio_0yk9,dio_0yk9,True,False,False,False,False,False,False,False
syntax_survives_raw,text_island,dio_text_1xr7qn,K_FOLGEKONTAKT2,VARIANTE_L_folgekontakt3,dio_text_1xr7qn,dio_text_1xr7qn,True,inner_unconfirmed_raw_space,inner_unconfirmed_raw_space,0.206666667,0.206666667,0.0,0.793333333,0.793333333,dio_1xc7,1,0.55,0.55,0.082666667,0.082666667,dio_1xc7,dio_1xc7,True,False,False,False,False,False,False,False
syntax_survives_raw,text_island,dio_text_1xz3llh,K_FOLGEKONTAKT2,VARIANTE_L_folgekontakt3,dio_text_1xz3llh,dio_text_1xz3llh,True,inner_unconfirmed_raw_space,inner_unconfirmed_raw_space,0.206666667,0.206666667,0.0,0.793333333,0.793333333,dio_13a8,1,0.55,0.55,0.082666667,0.082666667,dio_13a8,dio_13a8,True,False,False,False,False,False,False,False
syntax_survives_raw,text_island,dio_text_1y45cf6,K_FOLGEKONTAKT2,VARIANTE_L_folgekontakt3,dio_text_1y45cf6,dio_text_1y45cf6,True,inner_unconfirmed_raw_space,inner_unconfirmed_raw_space,0.206666667,0.206666667,0.0,0.793333333,0.793333333,dio_0w16,1,0.55,0.55,0.082666667,0.082666667,dio_0w16,dio_0w16,True,False,False,False,False,False,False,False
syntax_survives_raw,text_island,dio_text_1y70cv7,K_FOLGEKONTAKT2,VARIANTE_L_folgekontakt3,dio_text_1y70cv7,dio_text_1y70cv7,True,inner_unconfirmed_raw_space,inner_unconfirmed_raw_space,0.206666667,0.206666667,0.0,0.793333333,0.793333333,dio_1gwl,1,0.55,0.55,0.082666667,0.082666667,dio_1gwl,dio_1gwl,True,False,False,False,False,False,False,False
syntax_survives_raw,text_island,dio_text_1y79hw9,K_FOLGEKONTAKT2,VARIANTE_L_folgekontakt3,dio_text_1y79hw9,dio_text_1y79hw9,True,inner_unconfirmed_raw_space,inner_unconfirmed_raw_space,0.206666667,0.206666667,0.0,0.793333333,0.793333333,dio_0gmg,1,0.55,0.55,0.082666667,0.082666667,dio_0gmg,dio_0gmg,True,False,False,False,False,False,False,False
syntax_survives_raw,text_island,dio_text_1yo1kc0,K_FOLGEKONTAKT2,VARIANTE_L_folgekontakt3,dio_text_1yo1kc0,dio_text_1yo1kc0,True,inner_unconfirmed_raw_space,inner_unconfirmed_raw_space,0.206666667,0.206666667,0.0,0.793333333,0.793333333,dio_09fk,1,0.55,0.55,0.082666667,0.082666667,dio_09fk,dio_09fk,True,False,False,False,False,False,False,False
syntax_survives_raw,text_island,dio_text_1yteg9u,K_FOLGEKONTAKT2,VARIANTE_L_folgekontakt3,dio_text_1yteg9u,dio_text_1yteg9u,True,inner_unconfirmed_raw_space,inner_unconfirmed_raw_space,0.206666667,0.206666667,0.0,0.793333333,0.793333333,dio_1ee7,1,0.55,0.55,0.082666667,0.082666667,dio_1ee7,dio_1ee7,True,False,False,False,False,False,False,False
syntax_survives_raw,text_island,dio_text_2oai6s,K_FOLGEKONTAKT2,VARIANTE_L_folgekontakt3,dio_text_2oai6s,dio_text_2oai6s,True,inner_unconfirmed_raw_space,inner_unconfirmed_raw_space,0.206666667,0.206666667,0.0,0.793333333,0.793333333,dio_0ni1,1,0.55,0.55,0.082666667,0.082666667,dio_0ni1,dio_0ni1,True,False,False,False,False,False,False,False
syntax_survives_raw,text_island,dio_text_38zk5e,K_FOLGEKONTAKT2,VARIANTE_L_folgekontakt3,dio_text_38zk5e,dio_text_38zk5e,True,inner_unconfirmed_raw_space,inner_unconfirmed_raw_space,0.206666667,0.206666667,0.0,0.793333333,0.793333333,dio_11vr,1,0.55,0.55,0.082666667,0.082666667,dio_11vr,dio_11vr,True,False,False,False,False,False,False,False
syntax_survives_raw,text_island,dio_text_39wx2r,K_FOLGEKONTAKT2,VARIANTE_L_folgekontakt3,dio_text_39wx2r,dio_text_39wx2r,True,inner_unconfirmed_raw_space,inner_unconfirmed_raw_space,0.206666667,0.206666667,0.0,0.793333333,0.793333333,dio_066y,1,0.55,0.55,0.082666667,0.082666667,dio_066y,dio_066y,True,False,False,False,False,False,False,False
syntax_survives_raw,text_island,dio_text_3e1xd0,K_FOLGEKONTAKT2,VARIANTE_L_folgekontakt3,dio_text_3e1xd0,dio_text_3e1xd0,True,inner_unconfirmed_raw_space,inner_unconfirmed_raw_space,0.206666667,0.206666667,0.0,0.793333333,0.793333333,dio_0ce4,1,0.55,0.55,0.082666667,0.082666667,dio_0ce4,dio_0ce4,True,False,False,False,False,False,False,False
syntax_survives_raw,text_island,dio_text_3tb8s7,K_FOLGEKONTAKT2,VARIANTE_L_folgekontakt3,dio_text_3tb8s7,dio_text_3tb8s7,True,inner_unconfirmed_raw_space,inner_unconfirmed_raw_space,0.206666667,0.206666667,0.0,0.793333333,0.793333333,dio_0haj,1,0.55,0.55,0.082666667,0.082666667,dio_0haj,dio_0haj,True,False,False,False,False,False,False,False
syntax_survives_raw,text_island,dio_text_49bo5i,K_FOLGEKONTAKT2,VARIANTE_L_folgekontakt3,dio_text_49bo5i,dio_text_49bo5i,True,inner_unconfirmed_raw_space,inner_unconfirmed_raw_space,0.206666667,0.206666667,0.0,0.793333333,0.793333333,dio_06gy,1,0.55,0.55,0.082666667,0.082666667,dio_06gy,dio_06gy,True,False,False,False,False,False,False,False
syntax_survives_raw,text_island,dio_text_4d13oy,K_FOLGEKONTAKT2,VARIANTE_L_folgekontakt3,dio_text_4d13oy,dio_text_4d13oy,True,inner_unconfirmed_raw_space,inner_unconfirmed_raw_space,0.206666667,0.206666667,0.0,0.793333333,0.793333333,dio_184u,1,0.55,0.55,0.082666667,0.082666667,dio_184u,dio_184u,True,False,False,False,False,False,False,False
syntax_survives_raw,text_island,dio_text_4kokn2,K_FOLGEKONTAKT2,VARIANTE_L_folgekontakt3,dio_text_4kokn2,dio_text_4kokn2,True,inner_unconfirmed_raw_space,inner_unconfirmed_raw_space,0.206666667,0.206666667,0.0,0.793333333,0.793333333,dio_0qjm,1,0.55,0.55,0.082666667,0.082666667,dio_0qjm,dio_0qjm,True,False,False,False,False,False,False,False
syntax_survives_raw,text_island,dio_text_4srlmc,K_FOLGEKONTAKT2,VARIANTE_L_folgekontakt3,dio_text_4srlmc,dio_text_4srlmc,True,inner_unconfirmed_raw_space,inner_unconfirmed_raw_space,0.206666667,0.206666667,0.0,0.793333333,0.793333333,dio_1tjm,1,0.55,0.55,0.082666667,0.082666667,dio_1tjm,dio_1tjm,True,False,False,False,False,False,False,False
syntax_survives_raw,text_island,dio_text_4v3v3a,K_FOLGEKONTAKT2,VARIANTE_L_folgekontakt3,dio_text_4v3v3a,dio_text_4v3v3a,True,inner_unconfirmed_raw_space,inner_unconfirmed_raw_space,0.206666667,0.206666667,0.0,0.793333333,0.793333333,dio_1v9d,1,0.55,0.55,0.082666667,0.082666667,dio_1v9d,dio_1v9d,True,False,False,False,False,False,False,False
syntax_survives_raw,text_island,dio_text_4w08uw,K_FOLGEKONTAKT2,VARIANTE_L_folgekontakt3,dio_text_4w08uw,dio_text_4w08uw,True,inner_unconfirmed_raw_space,inner_unconfirmed_raw_space,0.206666667,0.206666667,0.0,0.793333333,0.793333333,dio_0hlx,1,0.55,0.55,0.082666667,0.082666667,dio_0hlx,dio_0hlx,True,False,False,False,False,False,False,False
syntax_survives_raw,text_island,dio_text_53xiik,K_FOLGEKONTAKT2,VARIANTE_L_folgekontakt3,dio_text_53xiik,dio_text_53xiik,True,inner_unconfirmed_raw_space,inner_unconfirmed_raw_space,0.206666667,0.206666667,0.0,0.793333333,0.793333333,dio_1fz7,1,0.55,0.55,0.082666667,0.082666667,dio_1fz7,dio_1fz7,True,False,False,False,False,False,False,False
syntax_survives_raw,text_island,dio_text_5ifltk,K_FOLGEKONTAKT2,VARIANTE_L_folgekontakt3,dio_text_5ifltk,dio_text_5ifltk,True,inner_unconfirmed_raw_space,inner_unconfirmed_raw_space,0.206666667,0.206666667,0.0,0.793333333,0.793333333,dio_0q3d,1,0.55,0.55,0.082666667,0.082666667,dio_0q3d,dio_0q3d,True,False,False,False,False,False,False,False
syntax_survives_raw,text_island,dio_text_5iope7,K_FOLGEKONTAKT2,VARIANTE_L_folgekontakt3,dio_text_5iope7,dio_text_5iope7,True,inner_unconfirmed_raw_space,inner_unconfirmed_raw_space,0.206666667,0.206666667,0.0,0.793333333,0.793333333,dio_11ex,1,0.55,0.55,0.082666667,0.082666667,dio_11ex,dio_11ex,True,False,False,False,False,False,False,False
syntax_survives_raw,text_island,dio_text_5k5jo,K_FOLGEKONTAKT2,VARIANTE_L_folgekontakt3,dio_text_5k5jo,dio_text_5k5jo,True,inner_unconfirmed_raw_space,inner_unconfirmed_raw_space,0.206666667,0.206666667,0.0,0.793333333,0.793333333,dio_09tm,1,0.55,0.55,0.082666667,0.082666667,dio_09tm,dio_09tm,True,False,False,False,False,False,False,False
syntax_survives_raw,text_island,dio_text_6fir45,K_FOLGEKONTAKT2,VARIANTE_L_folgekontakt3,dio_text_6fir45,dio_text_6fir45,True,inner_unconfirmed_raw_space,inner_unconfirmed_raw_space,0.206666667,0.206666667,0.0,0.793333333,0.793333333,dio_0v30,1,0.55,0.55,0.082666667,0.082666667,dio_0v30,dio_0v30,True,False,False,False,False,False,False,False
syntax_survives_raw,text_island,dio_text_6g436k,K_FOLGEKONTAKT2,VARIANTE_L_folgekontakt3,dio_text_6g436k,dio_text_6g436k,True,inner_unconfirmed_raw_space,inner_unconfirmed_raw_space,0.206666667,0.206666667,0.0,0.793333333,0.793333333,dio_1tdk,1,0.55,0.55,0.082666667,0.082666667,dio_1tdk,dio_1tdk,True,False,False,False,False,False,False,False
syntax_survives_raw,text_island,dio_text_6zwd5s,K_FOLGEKONTAKT2,VARIANTE_L_folgekontakt3,dio_text_6zwd5s,dio_text_6zwd5s,True,inner_unconfirmed_raw_space,inner_unconfirmed_raw_space,0.206666667,0.206666667,0.0,0.793333333,0.793333333,dio_0znt,1,0.55,0.55,0.082666667,0.082666667,dio_0znt,dio_0znt,True,False,False,False,False,False,False,False
syntax_survives_raw,text_island,dio_text_72quhr,K_FOLGEKONTAKT2,VARIANTE_L_folgekontakt3,dio_text_72quhr,dio_text_72quhr,True,inner_unconfirmed_raw_space,inner_unconfirmed_raw_space,0.206666667,0.206666667,0.0,0.793333333,0.793333333,dio_03fd,1,0.55,0.55,0.082666667,0.082666667,dio_03fd,dio_03fd,True,False,False,False,False,False,False,False
syntax_survives_raw,text_island,dio_text_75uvyh,K_FOLGEKONTAKT2,VARIANTE_L_folgekontakt3,dio_text_75uvyh,dio_text_75uvyh,True,inner_unconfirmed_raw_space,inner_unconfirmed_raw_space,0.206666667,0.206666667,0.0,0.793333333,0.793333333,dio_11mf,1,0.55,0.55,0.082666667,0.082666667,dio_11mf,dio_11mf,True,False,False,False,False,False,False,False
syntax_survives_raw,text_island,dio_text_7c9wtw,K_FOLGEKONTAKT2,VARIANTE_L_folgekontakt3,dio_text_7c9wtw,dio_text_7c9wtw,True,inner_unconfirmed_raw_space,inner_unconfirmed_raw_space,0.206666667,0.206666667,0.0,0.793333333,0.793333333,dio_0g2u,1,0.55,0.55,0.082666667,0.082666667,dio_0g2u,dio_0g2u,True,False,False,False,False,False,False,False
syntax_survives_raw,text_island,dio_text_7nc4jm,K_FOLGEKONTAKT2,VARIANTE_L_folgekontakt3,dio_text_7nc4jm,dio_text_7nc4jm,True,inner_unconfirmed_raw_space,inner_unconfirmed_raw_space,0.206666667,0.206666667,0.0,0.793333333,0.793333333,dio_0z2v,1,0.55,0.55,0.082666667,0.082666667,dio_0z2v,dio_0z2v,True,False,False,False,False,False,False,False
syntax_survives_raw,text_island,dio_text_7rnwrx,K_FOLGEKONTAKT2,VARIANTE_L_folgekontakt3,dio_text_7rnwrx,dio_text_7rnwrx,True,inner_unconfirmed_raw_space,inner_unconfirmed_raw_space,0.206666667,0.206666667,0.0,0.793333333,0.793333333,dio_1iox,1,0.55,0.55,0.082666667,0.082666667,dio_1iox,dio_1iox,True,False,False,False,False,False,False,False
syntax_survives_raw,text_island,dio_text_7tysov,K_FOLGEKONTAKT2,VARIANTE_L_folgekontakt3,dio_text_7tysov,dio_text_7tysov,True,inner_unconfirmed_raw_space,inner_unconfirmed_raw_space,0.206666667,0.206666667,0.0,0.793333333,0.793333333,dio_0h3x,1,0.55,0.55,0.082666667,0.082666667,dio_0h3x,dio_0h3x,True,False,False,False,False,False,False,False
syntax_survives_raw,text_island,dio_text_8enqgg,K_FOLGEKONTAKT2,VARIANTE_L_folgekontakt3,dio_text_8enqgg,dio_text_8enqgg,True,inner_unconfirmed_raw_space,inner_unconfirmed_raw_space,0.206666667,0.206666667,0.0,0.793333333,0.793333333,dio_06jl,1,0.55,0.55,0.082666667,0.082666667,dio_06jl,dio_06jl,True,False,False,False,False,False,False,False
syntax_survives_raw,text_island,dio_text_99l0qa,K_FOLGEKONTAKT2,VARIANTE_L_folgekontakt3,dio_text_99l0qa,dio_text_99l0qa,True,inner_unconfirmed_raw_space,inner_unconfirmed_raw_space,0.206666667,0.206666667,0.0,0.793333333,0.793333333,dio_0qcz,1,0.55,0.55,0.082666667,0.082666667,dio_0qcz,dio_0qcz,True,False,False,False,False,False,False,False
syntax_survives_raw,text_island,dio_text_9gbx6r,K_FOLGEKONTAKT2,VARIANTE_L_folgekontakt3,dio_text_9gbx6r,dio_text_9gbx6r,True,inner_unconfirmed_raw_space,inner_unconfirmed_raw_space,0.206666667,0.206666667,0.0,0.793333333,0.793333333,dio_0ug5,1,0.55,0.55,0.082666667,0.082666667,dio_0ug5,dio_0ug5,True,False,False,False,False,False,False,False
syntax_survives_raw,text_island,dio_text_9hvxwi,K_FOLGEKONTAKT2,VARIANTE_L_folgekontakt3,dio_text_9hvxwi,dio_text_9hvxwi,True,inner_unconfirmed_raw_space,inner_unconfirmed_raw_space,0.206666667,0.206666667,0.0,0.793333333,0.793333333,dio_0zoq,1,0.55,0.55,0.082666667,0.082666667,dio_0zoq,dio_0zoq,True,False,False,False,False,False,False,False
syntax_survives_raw,text_island,dio_text_9xhgea,K_FOLGEKONTAKT2,VARIANTE_L_folgekontakt3,dio_text_9xhgea,dio_text_9xhgea,True,inner_unconfirmed_raw_space,inner_unconfirmed_raw_space,0.206666667,0.206666667,0.0,0.793333333,0.793333333,dio_11nj,1,0.55,0.55,0.082666667,0.082666667,dio_11nj,dio_11nj,True,False,False,False,False,False,False,False
syntax_survives_raw,text_island,dio_text_a10xo7,K_FOLGEKONTAKT2,VARIANTE_L_folgekontakt3,dio_text_a10xo7,dio_text_a10xo7,True,inner_unconfirmed_raw_space,inner_unconfirmed_raw_space,0.206666667,0.206666667,0.0,0.793333333,0.793333333,dio_1vac,1,0.55,0.55,0.082666667,0.082666667,dio_1vac,dio_1vac,True,False,False,False,False,False,False,False
syntax_survives_raw,text_island,dio_text_ag94bc,K_FOLGEKONTAKT2,VARIANTE_L_folgekontakt3,dio_text_ag94bc,dio_text_ag94bc,True,inner_unconfirmed_raw_space,inner_unconfirmed_raw_space,0.206666667,0.206666667,0.0,0.793333333,0.793333333,dio_0ka4,1,0.55,0.55,0.082666667,0.082666667,dio_0ka4,dio_0ka4,True,False,False,False,False,False,False,False
syntax_survives_raw,text_island,dio_text_ai8gb2,K_FOLGEKONTAKT2,VARIANTE_L_folgekontakt3,dio_text_ai8gb2,dio_text_ai8gb2,True,inner_unconfirmed_raw_space,inner_unconfirmed_raw_space,0.206666667,0.206666667,0.0,0.793333333,0.793333333,dio_0q3v,1,0.55,0.55,0.082666667,0.082666667,dio_0q3v,dio_0q3v,True,False,False,False,False,False,False,False
syntax_survives_raw,text_island,dio_text_aj6h3z,K_FOLGEKONTAKT2,VARIANTE_L_folgekontakt3,dio_text_aj6h3z,dio_text_aj6h3z,True,inner_unconfirmed_raw_space,inner_unconfirmed_raw_space,0.206666667,0.206666667,0.0,0.793333333,0.793333333,dio_0n6e,1,0.55,0.55,0.082666667,0.082666667,dio_0n6e,dio_0n6e,True,False,False,False,False,False,False,False
syntax_survives_raw,text_island,dio_text_am0noc,K_FOLGEKONTAKT2,VARIANTE_L_folgekontakt3,dio_text_am0noc,dio_text_am0noc,True,inner_unconfirmed_raw_space,inner_unconfirmed_raw_space,0.206666667,0.206666667,0.0,0.793333333,0.793333333,dio_0zmy,1,0.55,0.55,0.082666667,0.082666667,dio_0zmy,dio_0zmy,True,False,False,False,False,False,False,False
syntax_survives_raw,text_island,dio_text_anc9t7,K_FOLGEKONTAKT2,VARIANTE_L_folgekontakt3,dio_text_anc9t7,dio_text_anc9t7,True,inner_unconfirmed_raw_space,inner_unconfirmed_raw_space,0.206666667,0.206666667,0.0,0.793333333,0.793333333,dio_03sc,1,0.55,0.55,0.082666667,0.082666667,dio_03sc,dio_03sc,True,False,False,False,False,False,False,False
syntax_survives_raw,text_island,dio_text_aq2f0d,K_FOLGEKONTAKT2,VARIANTE_L_folgekontakt3,dio_text_aq2f0d,dio_text_aq2f0d,True,inner_unconfirmed_raw_space,inner_unconfirmed_raw_space,0.206666667,0.206666667,0.0,0.793333333,0.793333333,dio_0kg9,1,0.55,0.55,0.082666667,0.082666667,dio_0kg9,dio_0kg9,True,False,False,False,False,False,False,False
syntax_survives_raw,text_island,dio_text_at6uo0,K_FOLGEKONTAKT2,VARIANTE_L_folgekontakt3,dio_text_at6uo0,dio_text_at6uo0,True,inner_unconfirmed_raw_space,inner_unconfirmed_raw_space,0.206666667,0.206666667,0.0,0.793333333,0.793333333,dio_1667,1,0.55,0.55,0.082666667,0.082666667,dio_1667,dio_1667,True,False,False,False,False,False,False,False
syntax_survives_raw,text_island,dio_text_aw3za4,K_FOLGEKONTAKT2,VARIANTE_L_folgekontakt3,dio_text_aw3za4,dio_text_aw3za4,True,inner_unconfirmed_raw_space,inner_unconfirmed_raw_space,0.206666667,0.206666667,0.0,0.793333333,0.793333333,dio_0lt8,1,0.55,0.55,0.082666667,0.082666667,dio_0lt8,dio_0lt8,True,False,False,False,False,False,False,False
syntax_survives_raw,text_island,dio_text_azri4a,K_FOLGEKONTAKT2,VARIANTE_L_folgekontakt3,dio_text_azri4a,dio_text_azri4a,True,inner_unconfirmed_raw_space,inner_unconfirmed_raw_space,0.206666667,0.206666667,0.0,0.793333333,0.793333333,dio_0hln,1,0.55,0.55,0.082666667,0.082666667,dio_0hln,dio_0hln,True,False,False,False,False,False,False,False
syntax_survives_raw,text_island,dio_text_bjp31e,K_FOLGEKONTAKT2,VARIANTE_L_folgekontakt3,dio_text_bjp31e,dio_text_bjp31e,True,inner_unconfirmed_raw_space,inner_unconfirmed_raw_space,0.206666667,0.206666667,0.0,0.793333333,0.793333333,dio_0u61,1,0.55,0.55,0.082666667,0.082666667,dio_0u61,dio_0u61,True,False,False,False,False,False,False,False
syntax_survives_raw,text_island,dio_text_bkbong,K_FOLGEKONTAKT2,VARIANTE_L_folgekontakt3,dio_text_bkbong,dio_text_bkbong,True,inner_unconfirmed_raw_space,inner_unconfirmed_raw_space,0.206666667,0.206666667,0.0,0.793333333,0.793333333,dio_16l1,1,0.55,0.55,0.082666667,0.082666667,dio_16l1,dio_16l1,True,False,False,False,False,False,False,False
syntax_survives_raw,text_island,dio_text_bnngns,K_FOLGEKONTAKT2,VARIANTE_L_folgekontakt3,dio_text_bnngns,dio_text_bnngns,True,inner_unconfirmed_raw_space,inner_unconfirmed_raw_space,0.206666667,0.206666667,0.0,0.793333333,0.793333333,dio_1k1o,1,0.55,0.55,0.082666667,0.082666667,dio_1k1o,dio_1k1o,True,False,False,False,False,False,False,False
syntax_survives_raw,text_island,dio_text_bto3lt,K_FOLGEKONTAKT2,VARIANTE_L_folgekontakt3,dio_text_bto3lt,dio_text_bto3lt,True,inner_unconfirmed_raw_space,inner_unconfirmed_raw_space,0.206666667,0.206666667,0.0,0.793333333,0.793333333,dio_00r9,1,0.55,0.55,0.082666667,0.082666667,dio_00r9,dio_00r9,True,False,False,False,False,False,False,False
syntax_survives_raw,text_island,dio_text_cuitat,K_FOLGEKONTAKT2,VARIANTE_L_folgekontakt3,dio_text_cuitat,dio_text_cuitat,True,inner_unconfirmed_raw_space,inner_unconfirmed_raw_space,0.206666667,0.206666667,0.0,0.793333333,0.793333333,dio_0j34,1,0.55,0.55,0.082666667,0.082666667,dio_0j34,dio_0j34,True,False,False,False,False,False,False,False
syntax_survives_raw,text_island,dio_text_dv6rlo,K_FOLGEKONTAKT2,VARIANTE_L_folgekontakt3,dio_text_dv6rlo,dio_text_dv6rlo,True,inner_unconfirmed_raw_space,inner_unconfirmed_raw_space,0.206666667,0.206666667,0.0,0.793333333,0.793333333,dio_0zqm,1,0.55,0.55,0.082666667,0.082666667,dio_0zqm,dio_0zqm,True,False,False,False,False,False,False,False
syntax_survives_raw,text_island,dio_text_eah94g,K_FOLGEKONTAKT2,VARIANTE_L_folgekontakt3,dio_text_eah94g,dio_text_eah94g,True,inner_unconfirmed_raw_space,inner_unconfirmed_raw_space,0.206666667,0.206666667,0.0,0.793333333,0.793333333,dio_0ngs,1,0.55,0.55,0.082666667,0.082666667,dio_0ngs,dio_0ngs,True,False,False,False,False,False,False,False
syntax_survives_raw,text_island,dio_text_ees1zy,K_FOLGEKONTAKT2,VARIANTE_L_folgekontakt3,dio_text_ees1zy,dio_text_ees1zy,True,inner_unconfirmed_raw_space,inner_unconfirmed_raw_space,0.206666667,0.206666667,0.0,0.793333333,0.793333333,dio_1k9e,1,0.55,0.55,0.082666667,0.082666667,dio_1k9e,dio_1k9e,True,False,False,False,False,False,False,False
syntax_survives_raw,text_island,dio_text_en9me1,K_FOLGEKONTAKT2,VARIANTE_L_folgekontakt3,dio_text_en9me1,dio_text_en9me1,True,inner_unconfirmed_raw_space,inner_unconfirmed_raw_space,0.206666667,0.206666667,0.0,0.793333333,0.793333333,dio_0w8h,1,0.55,0.55,0.082666667,0.082666667,dio_0w8h,dio_0w8h,True,False,False,False,False,False,False,False
syntax_survives_raw,text_island,dio_text_evmppm,K_FOLGEKONTAKT2,VARIANTE_L_folgekontakt3,dio_text_evmppm,dio_text_evmppm,True,inner_unconfirmed_raw_space,inner_unconfirmed_raw_space,0.206666667,0.206666667,0.0,0.793333333,0.793333333,dio_0nki,1,0.55,0.55,0.082666667,0.082666667,dio_0nki,dio_0nki,True,False,False,False,False,False,False,False
syntax_survives_raw,text_island,dio_text_ezo43f,K_FOLGEKONTAKT2,VARIANTE_L_folgekontakt3,dio_text_ezo43f,dio_text_ezo43f,True,inner_unconfirmed_raw_space,inner_unconfirmed_raw_space,0.206666667,0.206666667,0.0,0.793333333,0.793333333,dio_1a18,1,0.55,0.55,0.082666667,0.082666667,dio_1a18,dio_1a18,True,False,False,False,False,False,False,False
syntax_survives_raw,text_island,dio_text_ffdehu,K_FOLGEKONTAKT2,VARIANTE_L_folgekontakt3,dio_text_ffdehu,dio_text_ffdehu,True,inner_unconfirmed_raw_space,inner_unconfirmed_raw_space,0.206666667,0.206666667,0.0,0.793333333,0.793333333,dio_0nmw,1,0.55,0.55,0.082666667,0.082666667,dio_0nmw,dio_0nmw,True,False,False,False,False,False,False,False
syntax_survives_raw,text_island,dio_text_gg7sj4,K_FOLGEKONTAKT2,VARIANTE_L_folgekontakt3,dio_text_gg7sj4,dio_text_gg7sj4,True,inner_unconfirmed_raw_space,inner_unconfirmed_raw_space,0.206666667,0.206666667,0.0,0.793333333,0.793333333,dio_1qaq,1,0.55,0.55,0.082666667,0.082666667,dio_1qaq,dio_1qaq,True,False,False,False,False,False,False,False
syntax_survives_raw,text_island,dio_text_gxfd5q,K_FOLGEKONTAKT2,VARIANTE_L_folgekontakt3,dio_text_gxfd5q,dio_text_gxfd5q,True,inner_unconfirmed_raw_space,inner_unconfirmed_raw_space,0.206666667,0.206666667,0.0,0.793333333,0.793333333,dio_1n65,1,0.55,0.55,0.082666667,0.082666667,dio_1n65,dio_1n65,True,False,False,False,False,False,False,False
syntax_survives_raw,text_island,dio_text_h6tosf,K_FOLGEKONTAKT2,VARIANTE_L_folgekontakt3,dio_text_h6tosf,dio_text_h6tosf,True,inner_unconfirmed_raw_space,inner_unconfirmed_raw_space,0.206666667,0.206666667,0.0,0.793333333,0.793333333,dio_1xfl,1,0.55,0.55,0.082666667,0.082666667,dio_1xfl,dio_1xfl,True,False,False,False,False,False,False,False
syntax_survives_raw,text_island,dio_text_h90sst,K_FOLGEKONTAKT2,VARIANTE_L_folgekontakt3,dio_text_h90sst,dio_text_h90sst,True,inner_unconfirmed_raw_space,inner_unconfirmed_raw_space,0.206666667,0.206666667,0.0,0.793333333,0.793333333,dio_13gv,1,0.55,0.55,0.082666667,0.082666667,dio_13gv,dio_13gv,True,False,False,False,False,False,False,False
syntax_survives_raw,text_island,dio_text_hbz48m,K_FOLGEKONTAKT2,VARIANTE_L_folgekontakt3,dio_text_hbz48m,dio_text_hbz48m,True,inner_unconfirmed_raw_space,inner_unconfirmed_raw_space,0.206666667,0.206666667,0.0,0.793333333,0.793333333,dio_0ic6,1,0.55,0.55,0.082666667,0.082666667,dio_0ic6,dio_0ic6,True,False,False,False,False,False,False,False
syntax_survives_raw,text_island,dio_text_iws5z4,K_FOLGEKONTAKT2,VARIANTE_L_folgekontakt3,dio_text_iws5z4,dio_text_iws5z4,True,inner_unconfirmed_raw_space,inner_unconfirmed_raw_space,0.206666667,0.206666667,0.0,0.793333333,0.793333333,dio_1mwc,1,0.55,0.55,0.082666667,0.082666667,dio_1mwc,dio_1mwc,True,False,False,False,False,False,False,False
syntax_survives_raw,text_island,dio_text_j99big,K_FOLGEKONTAKT2,VARIANTE_L_folgekontakt3,dio_text_j99big,dio_text_j99big,True,inner_unconfirmed_raw_space,inner_unconfirmed_raw_space,0.206666667,0.206666667,0.0,0.793333333,0.793333333,dio_1dra,1,0.55,0.55,0.082666667,0.082666667,dio_1dra,dio_1dra,True,False,False,False,False,False,False,False
syntax_survives_raw,text_island,dio_text_jnq1tx,K_FOLGEKONTAKT2,VARIANTE_L_folgekontakt3,dio_text_jnq1tx,dio_text_jnq1tx,True,inner_unconfirmed_raw_space,inner_unconfirmed_raw_space,0.206666667,0.206666667,0.0,0.793333333,0.793333333,dio_0bvc,1,0.55,0.55,0.082666667,0.082666667,dio_0bvc,dio_0bvc,True,False,False,False,False,False,False,False
syntax_survives_raw,text_island,dio_text_jo4l86,K_FOLGEKONTAKT2,VARIANTE_L_folgekontakt3,dio_text_jo4l86,dio_text_jo4l86,True,inner_unconfirmed_raw_space,inner_unconfirmed_raw_space,0.206666667,0.206666667,0.0,0.793333333,0.793333333,dio_0eeh,1,0.55,0.55,0.082666667,0.082666667,dio_0eeh,dio_0eeh,True,False,False,False,False,False,False,False
syntax_survives_raw,text_island,dio_text_jyxj78,K_FOLGEKONTAKT2,VARIANTE_L_folgekontakt3,dio_text_jyxj78,dio_text_jyxj78,True,inner_unconfirmed_raw_space,inner_unconfirmed_raw_space,0.206666667,0.206666667,0.0,0.793333333,0.793333333,dio_17p4,1,0.55,0.55,0.082666667,0.082666667,dio_17p4,dio_17p4,True,False,False,False,False,False,False,False
syntax_survives_raw,text_island,dio_text_k2zhzo,K_FOLGEKONTAKT2,VARIANTE_L_folgekontakt3,dio_text_k2zhzo,dio_text_k2zhzo,True,inner_unconfirmed_raw_space,inner_unconfirmed_raw_space,0.206666667,0.206666667,0.0,0.793333333,0.793333333,dio_0nrp,1,0.55,0.55,0.082666667,0.082666667,dio_0nrp,dio_0nrp,True,False,False,False,False,False,False,False
syntax_survives_raw,text_island,dio_text_k6niim,K_FOLGEKONTAKT2,VARIANTE_L_folgekontakt3,dio_text_k6niim,dio_text_k6niim,True,inner_unconfirmed_raw_space,inner_unconfirmed_raw_space,0.206666667,0.206666667,0.0,0.793333333,0.793333333,dio_155k,1,0.55,0.55,0.082666667,0.082666667,dio_155k,dio_155k,True,False,False,False,False,False,False,False
syntax_survives_raw,text_island,dio_text_kyukuv,K_FOLGEKONTAKT2,VARIANTE_L_folgekontakt3,dio_text_kyukuv,dio_text_kyukuv,True,inner_unconfirmed_raw_space,inner_unconfirmed_raw_space,0.206666667,0.206666667,0.0,0.793333333,0.793333333,dio_010h,1,0.55,0.55,0.082666667,0.082666667,dio_010h,dio_010h,True,False,False,False,False,False,False,False
syntax_survives_raw,text_island,dio_text_l23kbc,K_FOLGEKONTAKT2,VARIANTE_L_folgekontakt3,dio_text_l23kbc,dio_text_l23kbc,True,inner_unconfirmed_raw_space,inner_unconfirmed_raw_space,0.206666667,0.206666667,0.0,0.793333333,0.793333333,dio_0xdp,1,0.55,0.55,0.082666667,0.082666667,dio_0xdp,dio_0xdp,True,False,False,False,False,False,False,False
syntax_survives_raw,text_island,dio_text_lal9fp,K_FOLGEKONTAKT2,VARIANTE_L_folgekontakt3,dio_text_lal9fp,dio_text_lal9fp,True,inner_unconfirmed_raw_space,inner_unconfirmed_raw_space,0.206666667,0.206666667,0.0,0.793333333,0.793333333,dio_0w4x,1,0.55,0.55,0.082666667,0.082666667,dio_0w4x,dio_0w4x,True,False,False,False,False,False,False,False
syntax_survives_raw,text_island,dio_text_leu0c4,K_FOLGEKONTAKT2,VARIANTE_L_folgekontakt3,dio_text_leu0c4,dio_text_leu0c4,True,inner_unconfirmed_raw_space,inner_unconfirmed_raw_space,0.206666667,0.206666667,0.0,0.793333333,0.793333333,dio_0wxw,1,0.55,0.55,0.082666667,0.082666667,dio_0wxw,dio_0wxw,True,False,False,False,False,False,False,False
syntax_survives_raw,text_island,dio_text_lq0r40,K_FOLGEKONTAKT2,VARIANTE_L_folgekontakt3,dio_text_lq0r40,dio_text_lq0r40,True,inner_unconfirmed_raw_space,inner_unconfirmed_raw_space,0.206666667,0.206666667,0.0,0.793333333,0.793333333,dio_1mym,1,0.55,0.55,0.082666667,0.082666667,dio_1mym,dio_1mym,True,False,False,False,False,False,False,False
syntax_survives_raw,text_island,dio_text_m4xcdb,K_FOLGEKONTAKT2,VARIANTE_L_folgekontakt3,dio_text_m4xcdb,dio_text_m4xcdb,True,inner_unconfirmed_raw_space,inner_unconfirmed_raw_space,0.206666667,0.206666667,0.0,0.793333333,0.793333333,dio_151h,1,0.55,0.55,0.082666667,0.082666667,dio_151h,dio_151h,True,False,False,False,False,False,False,False
syntax_survives_raw,text_island,dio_text_mnivhe,K_FOLGEKONTAKT2,VARIANTE_L_folgekontakt3,dio_text_mnivhe,dio_text_mnivhe,True,inner_unconfirmed_raw_space,inner_unconfirmed_raw_space,0.206666667,0.206666667,0.0,0.793333333,0.793333333,dio_0x9y,1,0.55,0.55,0.082666667,0.082666667,dio_0x9y,dio_0x9y,True,False,False,False,False,False,False,False
syntax_survives_raw,text_island,dio_text_mv2lt2,K_FOLGEKONTAKT2,VARIANTE_L_folgekontakt3,dio_text_mv2lt2,dio_text_mv2lt2,True,inner_unconfirmed_raw_space,inner_unconfirmed_raw_space,0.206666667,0.206666667,0.0,0.793333333,0.793333333,dio_0lck,1,0.55,0.55,0.082666667,0.082666667,dio_0lck,dio_0lck,True,False,False,False,False,False,False,False
syntax_survives_raw,text_island,dio_text_mxoyl,K_FOLGEKONTAKT2,VARIANTE_L_folgekontakt3,dio_text_mxoyl,dio_text_mxoyl,True,inner_unconfirmed_raw_space,inner_unconfirmed_raw_space,0.206666667,0.206666667,0.0,0.793333333,0.793333333,dio_0e37,1,0.55,0.55,0.082666667,0.082666667,dio_0e37,dio_0e37,True,False,False,False,False,False,False,False
syntax_survives_raw,text_island,dio_text_n1nyds,K_FOLGEKONTAKT2,VARIANTE_L_folgekontakt3,dio_text_n1nyds,dio_text_n1nyds,True,inner_unconfirmed_raw_space,inner_unconfirmed_raw_space,0.206666667,0.206666667,0.0,0.793333333,0.793333333,dio_1qyi,1,0.55,0.55,0.082666667,0.082666667,dio_1qyi,dio_1qyi,True,False,False,False,False,False,False,False
syntax_survives_raw,text_island,dio_text_nc8ood,K_FOLGEKONTAKT2,VARIANTE_L_folgekontakt3,dio_text_nc8ood,dio_text_nc8ood,True,inner_unconfirmed_raw_space,inner_unconfirmed_raw_space,0.206666667,0.206666667,0.0,0.793333333,0.793333333,dio_1qst,1,0.55,0.55,0.082666667,0.082666667,dio_1qst,dio_1qst,True,False,False,False,False,False,False,False
syntax_survives_raw,text_island,dio_text_nnvq8,K_FOLGEKONTAKT2,VARIANTE_L_folgekontakt3,dio_text_nnvq8,dio_text_nnvq8,True,inner_unconfirmed_raw_space,inner_unconfirmed_raw_space,0.206666667,0.206666667,0.0,0.793333333,0.793333333,dio_0qfc,1,0.55,0.55,0.082666667,0.082666667,dio_0qfc,dio_0qfc,True,False,False,False,False,False,False,False
syntax_survives_raw,text_island,dio_text_ntwlxl,K_FOLGEKONTAKT2,VARIANTE_L_folgekontakt3,dio_text_ntwlxl,dio_text_ntwlxl,True,inner_unconfirmed_raw_space,inner_unconfirmed_raw_space,0.206666667,0.206666667,0.0,0.793333333,0.793333333,dio_15lu,1,0.55,0.55,0.082666667,0.082666667,dio_15lu,dio_15lu,True,False,False,False,False,False,False,False
syntax_survives_raw,text_island,dio_text_nzp7y7,K_FOLGEKONTAKT2,VARIANTE_L_folgekontakt3,dio_text_nzp7y7,dio_text_nzp7y7,True,inner_unconfirmed_raw_space,inner_unconfirmed_raw_space,0.206666667,0.206666667,0.0,0.793333333,0.793333333,dio_0g59,1,0.55,0.55,0.082666667,0.082666667,dio_0g59,dio_0g59,True,False,False,False,False,False,False,False
syntax_survives_raw,text_island,dio_text_oeh17y,K_FOLGEKONTAKT2,VARIANTE_L_folgekontakt3,dio_text_oeh17y,dio_text_oeh17y,True,inner_unconfirmed_raw_space,inner_unconfirmed_raw_space,0.206666667,0.206666667,0.0,0.793333333,0.793333333,dio_0blx,1,0.55,0.55,0.082666667,0.082666667,dio_0blx,dio_0blx,True,False,False,False,False,False,False,False
syntax_survives_raw,text_island,dio_text_opp7pw,K_FOLGEKONTAKT2,VARIANTE_L_folgekontakt3,dio_text_opp7pw,dio_text_opp7pw,True,inner_unconfirmed_raw_space,inner_unconfirmed_raw_space,0.206666667,0.206666667,0.0,0.793333333,0.793333333,dio_1xjq,1,0.55,0.55,0.082666667,0.082666667,dio_1xjq,dio_1xjq,True,False,False,False,False,False,False,False
syntax_survives_raw,text_island,dio_text_ot5arl,K_FOLGEKONTAKT2,VARIANTE_L_folgekontakt3,dio_text_ot5arl,dio_text_ot5arl,True,inner_unconfirmed_raw_space,inner_unconfirmed_raw_space,0.206666667,0.206666667,0.0,0.793333333,0.793333333,dio_1fzx,1,0.55,0.55,0.082666667,0.082666667,dio_1fzx,dio_1fzx,True,False,False,False,False,False,False,False
syntax_survives_raw,text_island,dio_text_owzp0j,K_FOLGEKONTAKT2,VARIANTE_L_folgekontakt3,dio_text_owzp0j,dio_text_owzp0j,True,inner_unconfirmed_raw_space,inner_unconfirmed_raw_space,0.206666667,0.206666667,0.0,0.793333333,0.793333333,dio_1xvh,1,0.55,0.55,0.082666667,0.082666667,dio_1xvh,dio_1xvh,True,False,False,False,False,False,False,False
syntax_survives_raw,text_island,dio_text_oxc49x,K_FOLGEKONTAKT2,VARIANTE_L_folgekontakt3,dio_text_oxc49x,dio_text_oxc49x,True,inner_unconfirmed_raw_space,inner_unconfirmed_raw_space,0.206666667,0.206666667,0.0,0.793333333,0.793333333,dio_0q64,1,0.55,0.55,0.082666667,0.082666667,dio_0q64,dio_0q64,True,False,False,False,False,False,False,False
syntax_survives_raw,text_island,dio_text_pktwcn,K_FOLGEKONTAKT2,VARIANTE_L_folgekontakt3,dio_text_pktwcn,dio_text_pktwcn,True,inner_unconfirmed_raw_space,inner_unconfirmed_raw_space,0.206666667,0.206666667,0.0,0.793333333,0.793333333,dio_01px,1,0.55,0.55,0.082666667,0.082666667,dio_01px,dio_01px,True,False,False,False,False,False,False,False
syntax_survives_raw,text_island,dio_text_pt4dv2,K_FOLGEKONTAKT2,VARIANTE_L_folgekontakt3,dio_text_pt4dv2,dio_text_pt4dv2,True,inner_unconfirmed_raw_space,inner_unconfirmed_raw_space,0.206666667,0.206666667,0.0,0.793333333,0.793333333,dio_1im7,1,0.55,0.55,0.082666667,0.082666667,dio_1im7,dio_1im7,True,False,False,False,False,False,False,False
syntax_survives_raw,text_island,dio_text_pt8m5c,K_FOLGEKONTAKT2,VARIANTE_L_folgekontakt3,dio_text_pt8m5c,dio_text_pt8m5c,True,inner_unconfirmed_raw_space,inner_unconfirmed_raw_space,0.206666667,0.206666667,0.0,0.793333333,0.793333333,dio_1a1a,1,0.55,0.55,0.082666667,0.082666667,dio_1a1a,dio_1a1a,True,False,False,False,False,False,False,False
syntax_survives_raw,text_island,dio_text_pzdenv,K_FOLGEKONTAKT2,VARIANTE_L_folgekontakt3,dio_text_pzdenv,dio_text_pzdenv,True,inner_unconfirmed_raw_space,inner_unconfirmed_raw_space,0.206666667,0.206666667,0.0,0.793333333,0.793333333,dio_0kdz,1,0.55,0.55,0.082666667,0.082666667,dio_0kdz,dio_0kdz,True,False,False,False,False,False,False,False
syntax_survives_raw,text_island,dio_text_qf97iu,K_FOLGEKONTAKT2,VARIANTE_L_folgekontakt3,dio_text_qf97iu,dio_text_qf97iu,True,inner_unconfirmed_raw_space,inner_unconfirmed_raw_space,0.206666667,0.206666667,0.0,0.793333333,0.793333333,dio_0lrt,1,0.55,0.55,0.082666667,0.082666667,dio_0lrt,dio_0lrt,True,False,False,False,False,False,False,False
syntax_survives_raw,text_island,dio_text_qt2gbm,K_FOLGEKONTAKT2,VARIANTE_L_folgekontakt3,dio_text_qt2gbm,dio_text_qt2gbm,True,inner_unconfirmed_raw_space,inner_unconfirmed_raw_space,0.206666667,0.206666667,0.0,0.793333333,0.793333333,dio_19b6,1,0.55,0.55,0.082666667,0.082666667,dio_19b6,dio_19b6,True,False,False,False,False,False,False,False
syntax_survives_raw,text_island,dio_text_qtr0m5,K_FOLGEKONTAKT2,VARIANTE_L_folgekontakt3,dio_text_qtr0m5,dio_text_qtr0m5,True,inner_unconfirmed_raw_space,inner_unconfirmed_raw_space,0.206666667,0.206666667,0.0,0.793333333,0.793333333,dio_0l9d,1,0.55,0.55,0.082666667,0.082666667,dio_0l9d,dio_0l9d,True,False,False,False,False,False,False,False
syntax_survives_raw,text_island,dio_text_qxbcil,K_FOLGEKONTAKT2,VARIANTE_L_folgekontakt3,dio_text_qxbcil,dio_text_qxbcil,True,inner_unconfirmed_raw_space,inner_unconfirmed_raw_space,0.206666667,0.206666667,0.0,0.793333333,0.793333333,dio_1f9y,1,0.55,0.55,0.082666667,0.082666667,dio_1f9y,dio_1f9y,True,False,False,False,False,False,False,False
syntax_survives_raw,text_island,dio_text_qy2jcy,K_FOLGEKONTAKT2,VARIANTE_L_folgekontakt3,dio_text_qy2jcy,dio_text_qy2jcy,True,inner_unconfirmed_raw_space,inner_unconfirmed_raw_space,0.206666667,0.206666667,0.0,0.793333333,0.793333333,dio_15tx,1,0.55,0.55,0.082666667,0.082666667,dio_15tx,dio_15tx,True,False,False,False,False,False,False,False
syntax_survives_raw,text_island,dio_text_r4ig6,K_FOLGEKONTAKT2,VARIANTE_L_folgekontakt3,dio_text_r4ig6,dio_text_r4ig6,True,inner_unconfirmed_raw_space,inner_unconfirmed_raw_space,0.206666667,0.206666667,0.0,0.793333333,0.793333333,dio_1lx1,1,0.55,0.55,0.082666667,0.082666667,dio_1lx1,dio_1lx1,True,False,False,False,False,False,False,False
syntax_survives_raw,text_island,dio_text_rs7nft,K_FOLGEKONTAKT2,VARIANTE_L_folgekontakt3,dio_text_rs7nft,dio_text_rs7nft,True,inner_unconfirmed_raw_space,inner_unconfirmed_raw_space,0.206666667,0.206666667,0.0,0.793333333,0.793333333,dio_15rg,1,0.55,0.55,0.082666667,0.082666667,dio_15rg,dio_15rg,True,False,False,False,False,False,False,False
syntax_survives_raw,text_island,dio_text_s1hajl,K_FOLGEKONTAKT2,VARIANTE_L_folgekontakt3,dio_text_s1hajl,dio_text_s1hajl,True,inner_unconfirmed_raw_space,inner_unconfirmed_raw_space,0.206666667,0.206666667,0.0,0.793333333,0.793333333,dio_1xka,1,0.55,0.55,0.082666667,0.082666667,dio_1xka,dio_1xka,True,False,False,False,False,False,False,False
syntax_survives_raw,text_island,dio_text_s8uxc7,K_FOLGEKONTAKT2,VARIANTE_L_folgekontakt3,dio_text_s8uxc7,dio_text_s8uxc7,True,inner_unconfirmed_raw_space,inner_unconfirmed_raw_space,0.206666667,0.206666667,0.0,0.793333333,0.793333333,dio_1xvd,1,0.55,0.55,0.082666667,0.082666667,dio_1xvd,dio_1xvd,True,False,False,False,False,False,False,False
syntax_survives_raw,text_island,dio_text_sagras,K_FOLGEKONTAKT2,VARIANTE_L_folgekontakt3,dio_text_sagras,dio_text_sagras,True,inner_unconfirmed_raw_space,inner_unconfirmed_raw_space,0.206666667,0.206666667,0.0,0.793333333,0.793333333,dio_0q96,1,0.55,0.55,0.082666667,0.082666667,dio_0q96,dio_0q96,True,False,False,False,False,False,False,False
syntax_survives_raw,text_island,dio_text_se3c2x,K_FOLGEKONTAKT2,VARIANTE_L_folgekontakt3,dio_text_se3c2x,dio_text_se3c2x,True,inner_unconfirmed_raw_space,inner_unconfirmed_raw_space,0.206666667,0.206666667,0.0,0.793333333,0.793333333,dio_1fck,1,0.55,0.55,0.082666667,0.082666667,dio_1fck,dio_1fck,True,False,False,False,False,False,False,False
syntax_survives_raw,text_island,dio_text_sg6q7d,K_FOLGEKONTAKT2,VARIANTE_L_folgekontakt3,dio_text_sg6q7d,dio_text_sg6q7d,True,inner_unconfirmed_raw_space,inner_unconfirmed_raw_space,0.206666667,0.206666667,0.0,0.793333333,0.793333333,dio_0ksa,1,0.55,0.55,0.082666667,0.082666667,dio_0ksa,dio_0ksa,True,False,False,False,False,False,False,False
syntax_survives_raw,text_island,dio_text_syt9x8,K_FOLGEKONTAKT2,VARIANTE_L_folgekontakt3,dio_text_syt9x8,dio_text_syt9x8,True,inner_unconfirmed_raw_space,inner_unconfirmed_raw_space,0.206666667,0.206666667,0.0,0.793333333,0.793333333,dio_1s8p,1,0.55,0.55,0.082666667,0.082666667,dio_1s8p,dio_1s8p,True,False,False,False,False,False,False,False
syntax_survives_raw,text_island,dio_text_tjhw7r,K_FOLGEKONTAKT2,VARIANTE_L_folgekontakt3,dio_text_tjhw7r,dio_text_tjhw7r,True,inner_unconfirmed_raw_space,inner_unconfirmed_raw_space,0.206666667,0.206666667,0.0,0.793333333,0.793333333,dio_05c5,1,0.55,0.55,0.082666667,0.082666667,dio_05c5,dio_05c5,True,False,False,False,False,False,False,False
syntax_survives_raw,text_island,dio_text_tsjbnf,K_FOLGEKONTAKT2,VARIANTE_L_folgekontakt3,dio_text_tsjbnf,dio_text_tsjbnf,True,inner_unconfirmed_raw_space,inner_unconfirmed_raw_space,0.206666667,0.206666667,0.0,0.793333333,0.793333333,dio_1ffn,1,0.55,0.55,0.082666667,0.082666667,dio_1ffn,dio_1ffn,True,False,False,False,False,False,False,False
syntax_survives_raw,text_island,dio_text_tucgoe,K_FOLGEKONTAKT2,VARIANTE_L_folgekontakt3,dio_text_tucgoe,dio_text_tucgoe,True,inner_unconfirmed_raw_space,inner_unconfirmed_raw_space,0.206666667,0.206666667,0.0,0.793333333,0.793333333,dio_1287,1,0.55,0.55,0.082666667,0.082666667,dio_1287,dio_1287,True,False,False,False,False,False,False,False
syntax_survives_raw,text_island,dio_text_u0lq7x,K_FOLGEKONTAKT2,VARIANTE_L_folgekontakt3,dio_text_u0lq7x,dio_text_u0lq7x,True,inner_unconfirmed_raw_space,inner_unconfirmed_raw_space,0.206666667,0.206666667,0.0,0.793333333,0.793333333,dio_1mrs,1,0.55,0.55,0.082666667,0.082666667,dio_1mrs,dio_1mrs,True,False,False,False,False,False,False,False
syntax_survives_raw,text_island,dio_text_u0z5jr,K_FOLGEKONTAKT2,VARIANTE_L_folgekontakt3,dio_text_u0z5jr,dio_text_u0z5jr,True,inner_unconfirmed_raw_space,inner_unconfirmed_raw_space,0.206666667,0.206666667,0.0,0.793333333,0.793333333,dio_1958,1,0.55,0.55,0.082666667,0.082666667,dio_1958,dio_1958,True,False,False,False,False,False,False,False
syntax_survives_raw,text_island,dio_text_uo1fl9,K_FOLGEKONTAKT2,VARIANTE_L_folgekontakt3,dio_text_uo1fl9,dio_text_uo1fl9,True,inner_unconfirmed_raw_space,inner_unconfirmed_raw_space,0.206666667,0.206666667,0.0,0.793333333,0.793333333,dio_05e5,1,0.55,0.55,0.082666667,0.082666667,dio_05e5,dio_05e5,True,False,False,False,False,False,False,False
syntax_survives_raw,text_island,dio_text_uqfmhb,K_FOLGEKONTAKT2,VARIANTE_L_folgekontakt3,dio_text_uqfmhb,dio_text_uqfmhb,True,inner_unconfirmed_raw_space,inner_unconfirmed_raw_space,0.206666667,0.206666667,0.0,0.793333333,0.793333333,dio_0py2,1,0.55,0.55,0.082666667,0.082666667,dio_0py2,dio_0py2,True,False,False,False,False,False,False,False
syntax_survives_raw,text_island,dio_text_ushdec,K_FOLGEKONTAKT2,VARIANTE_L_folgekontakt3,dio_text_ushdec,dio_text_ushdec,True,inner_unconfirmed_raw_space,inner_unconfirmed_raw_space,0.206666667,0.206666667,0.0,0.793333333,0.793333333,dio_0uiz,1,0.55,0.55,0.082666667,0.082666667,dio_0uiz,dio_0uiz,True,False,False,False,False,False,False,False
syntax_survives_raw,text_island,dio_text_uvzu2h,K_FOLGEKONTAKT2,VARIANTE_L_folgekontakt3,dio_text_uvzu2h,dio_text_uvzu2h,True,inner_unconfirmed_raw_space,inner_unconfirmed_raw_space,0.206666667,0.206666667,0.0,0.793333333,0.793333333,dio_0e02,1,0.55,0.55,0.082666667,0.082666667,dio_0e02,dio_0e02,True,False,False,False,False,False,False,False
syntax_survives_raw,text_island,dio_text_vcepti,K_FOLGEKONTAKT2,VARIANTE_L_folgekontakt3,dio_text_vcepti,dio_text_vcepti,True,inner_unconfirmed_raw_space,inner_unconfirmed_raw_space,0.213333333,0.213333333,0.0,0.786666667,0.786666667,dio_0zkk|dio_12x0,2,0.55,0.55,0.085333333,0.085333333,dio_0zkk|dio_12x0,dio_0zkk|dio_12x0,True,False,False,False,False,False,False,False
syntax_survives_raw,text_island,dio_text_viwvx3,K_FOLGEKONTAKT2,VARIANTE_L_folgekontakt3,dio_text_viwvx3,dio_text_viwvx3,True,inner_unconfirmed_raw_space,inner_unconfirmed_raw_space,0.206666667,0.206666667,0.0,0.793333333,0.793333333,dio_1are,1,0.55,0.55,0.082666667,0.082666667,dio_1are,dio_1are,True,False,False,False,False,False,False,False
syntax_survives_raw,text_island,dio_text_vmma0b,K_FOLGEKONTAKT2,VARIANTE_L_folgekontakt3,dio_text_vmma0b,dio_text_vmma0b,True,inner_unconfirmed_raw_space,inner_unconfirmed_raw_space,0.206666667,0.206666667,0.0,0.793333333,0.793333333,dio_0i4h,1,0.55,0.55,0.082666667,0.082666667,dio_0i4h,dio_0i4h,True,False,False,False,False,False,False,False
syntax_survives_raw,text_island,dio_text_vq0lte,K_FOLGEKONTAKT2,VARIANTE_L_folgekontakt3,dio_text_vq0lte,dio_text_vq0lte,True,inner_unconfirmed_raw_space,inner_unconfirmed_raw_space,0.206666667,0.206666667,0.0,0.793333333,0.793333333,dio_1wx6,1,0.55,0.55,0.082666667,0.082666667,dio_1wx6,dio_1wx6,True,False,False,False,False,False,False,False
syntax_survives_raw,text_island,dio_text_vwzveq,K_FOLGEKONTAKT2,VARIANTE_L_folgekontakt3,dio_text_vwzveq,dio_text_vwzveq,True,inner_unconfirmed_raw_space,inner_unconfirmed_raw_space,0.206666667,0.206666667,0.0,0.793333333,0.793333333,dio_1a1w,1,0.55,0.55,0.082666667,0.082666667,dio_1a1w,dio_1a1w,True,False,False,False,False,False,False,False
syntax_survives_raw,text_island,dio_text_w35b1r,K_FOLGEKONTAKT2,VARIANTE_L_folgekontakt3,dio_text_w35b1r,dio_text_w35b1r,True,inner_unconfirmed_raw_space,inner_unconfirmed_raw_space,0.206666667,0.206666667,0.0,0.793333333,0.793333333,dio_106t,1,0.55,0.55,0.082666667,0.082666667,dio_106t,dio_106t,True,False,False,False,False,False,False,False
syntax_survives_raw,text_island,dio_text_wmjdu3,K_FOLGEKONTAKT2,VARIANTE_L_folgekontakt3,dio_text_wmjdu3,dio_text_wmjdu3,True,inner_unconfirmed_raw_space,inner_unconfirmed_raw_space,0.206666667,0.206666667,0.0,0.793333333,0.793333333,dio_108f,1,0.55,0.55,0.082666667,0.082666667,dio_108f,dio_108f,True,False,False,False,False,False,False,False
syntax_survives_raw,text_island,dio_text_wmrx03,K_FOLGEKONTAKT2,VARIANTE_L_folgekontakt3,dio_text_wmrx03,dio_text_wmrx03,True,inner_unconfirmed_raw_space,inner_unconfirmed_raw_space,0.206666667,0.206666667,0.0,0.793333333,0.793333333,dio_0nj5,1,0.55,0.55,0.082666667,0.082666667,dio_0nj5,dio_0nj5,True,False,False,False,False,False,False,False
syntax_survives_raw,text_island,dio_text_wxcxi3,K_FOLGEKONTAKT2,VARIANTE_L_folgekontakt3,dio_text_wxcxi3,dio_text_wxcxi3,True,inner_unconfirmed_raw_space,inner_unconfirmed_raw_space,0.206666667,0.206666667,0.0,0.793333333,0.793333333,dio_0kae,1,0.55,0.55,0.082666667,0.082666667,dio_0kae,dio_0kae,True,False,False,False,False,False,False,False
syntax_survives_raw,text_island,dio_text_xdaz95,K_FOLGEKONTAKT2,VARIANTE_L_folgekontakt3,dio_text_xdaz95,dio_text_xdaz95,True,inner_unconfirmed_raw_space,inner_unconfirmed_raw_space,0.206666667,0.206666667,0.0,0.793333333,0.793333333,dio_07mw,1,0.55,0.55,0.082666667,0.082666667,dio_07mw,dio_07mw,True,False,False,False,False,False,False,False
syntax_survives_raw,text_island,dio_text_xdrx62,K_FOLGEKONTAKT2,VARIANTE_L_folgekontakt3,dio_text_xdrx62,dio_text_xdrx62,True,inner_unconfirmed_raw_space,inner_unconfirmed_raw_space,0.213333333,0.213333333,0.0,0.786666667,0.786666667,dio_07kj|dio_09u3,2,0.55,0.55,0.085333333,0.085333333,dio_07kj|dio_09u3,dio_07kj|dio_09u3,True,False,False,False,False,False,False,False
syntax_survives_raw,text_island,dio_text_xks2gl,K_FOLGEKONTAKT2,VARIANTE_L_folgekontakt3,dio_text_xks2gl,dio_text_xks2gl,True,inner_unconfirmed_raw_space,inner_unconfirmed_raw_space,0.206666667,0.206666667,0.0,0.793333333,0.793333333,dio_1k10,1,0.55,0.55,0.082666667,0.082666667,dio_1k10,dio_1k10,True,False,False,False,False,False,False,False
syntax_survives_raw,text_island,dio_text_xyp367,K_FOLGEKONTAKT2,VARIANTE_L_folgekontakt3,dio_text_xyp367,dio_text_xyp367,True,inner_unconfirmed_raw_space,inner_unconfirmed_raw_space,0.206666667,0.206666667,0.0,0.793333333,0.793333333,dio_0nq0,1,0.55,0.55,0.082666667,0.082666667,dio_0nq0,dio_0nq0,True,False,False,False,False,False,False,False
syntax_survives_raw,text_island,dio_text_y8bf0y,K_FOLGEKONTAKT2,VARIANTE_L_folgekontakt3,dio_text_y8bf0y,dio_text_y8bf0y,True,inner_unconfirmed_raw_space,inner_unconfirmed_raw_space,0.206666667,0.206666667,0.0,0.793333333,0.793333333,dio_0rwa,1,0.55,0.55,0.082666667,0.082666667,dio_0rwa,dio_0rwa,True,False,False,False,False,False,False,False
syntax_survives_raw,text_island,dio_text_yonihy,K_FOLGEKONTAKT2,VARIANTE_L_folgekontakt3,dio_text_yonihy,dio_text_yonihy,True,inner_unconfirmed_raw_space,inner_unconfirmed_raw_space,0.206666667,0.206666667,0.0,0.793333333,0.793333333,dio_08pv,1,0.55,0.55,0.082666667,0.082666667,dio_08pv,dio_08pv,True,False,False,False,False,False,False,False
syntax_survives_raw,text_island,dio_text_ys3tqn,K_FOLGEKONTAKT2,VARIANTE_L_folgekontakt3,dio_text_ys3tqn,dio_text_ys3tqn,True,inner_unconfirmed_raw_space,inner_unconfirmed_raw_space,0.206666667,0.206666667,0.0,0.793333333,0.793333333,dio_0iou,1,0.55,0.55,0.082666667,0.082666667,dio_0iou,dio_0iou,True,False,False,False,False,False,False,False
syntax_survives_raw,text_island,dio_text_yydt5h,K_FOLGEKONTAKT2,VARIANTE_L_folgekontakt3,dio_text_yydt5h,dio_text_yydt5h,True,inner_unconfirmed_raw_space,inner_unconfirmed_raw_space,0.206666667,0.206666667,0.0,0.793333333,0.793333333,dio_0n41,1,0.55,0.55,0.082666667,0.082666667,dio_0n41,dio_0n41,True,False,False,False,False,False,False,False
syntax_survives_raw,text_island,dio_text_z2rm2a,K_FOLGEKONTAKT2,VARIANTE_L_folgekontakt3,dio_text_z2rm2a,dio_text_z2rm2a,True,inner_unconfirmed_raw_space,inner_unconfirmed_raw_space,0.206666667,0.206666667,0.0,0.793333333,0.793333333,dio_1u5g,1,0.55,0.55,0.082666667,0.082666667,dio_1u5g,dio_1u5g,True,False,False,False,False,False,False,False
syntax_survives_raw,text_island,dio_text_zbbclx,K_FOLGEKONTAKT2,VARIANTE_L_folgekontakt3,dio_text_zbbclx,dio_text_zbbclx,True,inner_unconfirmed_raw_space,inner_unconfirmed_raw_space,0.206666667,0.206666667,0.0,0.793333333,0.793333333,dio_07lp,1,0.55,0.55,0.082666667,0.082666667,dio_07lp,dio_07lp,True,False,False,False,False,False,False,False
syntax_survives_raw,text_island,dio_text_zqjhxt,K_FOLGEKONTAKT2,VARIANTE_L_folgekontakt3,dio_text_zqjhxt,dio_text_zqjhxt,True,inner_unconfirmed_raw_space,inner_unconfirmed_raw_space,0.206666667,0.206666667,0.0,0.793333333,0.793333333,dio_17ny,1,0.55,0.55,0.082666667,0.082666667,dio_17ny,dio_17ny,True,False,False,False,False,False,False,False
